    1     0.0001   0.0015  -0.15259E-04  -0.44006E-06   0.12801E+00   0.15582E+02   0.26892E+00
    2     0.0088   0.1269  -0.98174E-03   0.49698E-04   0.12806E+00   0.15479E+02   0.18649E+00
    3     0.0176   0.2519  -0.20562E-02   0.81326E-04   0.12809E+00   0.15377E+02   0.19827E+00
    4     0.0264   0.3763  -0.31688E-02   0.11073E-03   0.12812E+00   0.15276E+02   0.20586E+00
    5     0.0353   0.5002  -0.43344E-02   0.13448E-03   0.12814E+00   0.15176E+02   0.21330E+00
    6     0.0443   0.6235  -0.55333E-02   0.15725E-03   0.12817E+00   0.15076E+02   0.21991E+00
    7     0.0534   0.7463  -0.67637E-02   0.17956E-03   0.12819E+00   0.14977E+02   0.22608E+00
    8     0.0626   0.8685  -0.80240E-02   0.20124E-03   0.12821E+00   0.14878E+02   0.23198E+00
    9     0.0718   0.9902  -0.93137E-02   0.22282E-03   0.12823E+00   0.14780E+02   0.23775E+00
   10     0.0811   1.1112  -0.10631E-01   0.24419E-03   0.12825E+00   0.14682E+02   0.24327E+00
   11     0.0905   1.2318  -0.11977E-01   0.26618E-03   0.12828E+00   0.14585E+02   0.24880E+00
   12     0.1000   1.3517  -0.13349E-01   0.28822E-03   0.12830E+00   0.14488E+02   0.25432E+00
   13     0.1096   1.4710  -0.14749E-01   0.31011E-03   0.12832E+00   0.14391E+02   0.25980E+00
   14     0.1192   1.5898  -0.16175E-01   0.33225E-03   0.12834E+00   0.14295E+02   0.26526E+00
   15     0.1290   1.7079  -0.17636E-01   0.35248E-03   0.12836E+00   0.14199E+02   0.27084E+00
   16     0.1388   1.8254  -0.19113E-01   0.37513E-03   0.12839E+00   0.14104E+02   0.27636E+00
   17     0.1487   1.9423  -0.20617E-01   0.39748E-03   0.12841E+00   0.14009E+02   0.28179E+00
   18     0.1587   2.0586  -0.22148E-01   0.41982E-03   0.12843E+00   0.13914E+02   0.28734E+00
   19     0.1687   2.1743  -0.23706E-01   0.44201E-03   0.12845E+00   0.13820E+02   0.29291E+00
   20     0.1789   2.2893  -0.25291E-01   0.46378E-03   0.12847E+00   0.13727E+02   0.29849E+00
   21     0.1891   2.4037  -0.26903E-01   0.48535E-03   0.12850E+00   0.13634E+02   0.30410E+00
   22     0.1995   2.5174  -0.28543E-01   0.50629E-03   0.12852E+00   0.13541E+02   0.30979E+00
   23     0.2099   2.6305  -0.30209E-01   0.52682E-03   0.12854E+00   0.13449E+02   0.31554E+00
   24     0.2204   2.7429  -0.31894E-01   0.54911E-03   0.12856E+00   0.13357E+02   0.31722E+00
   25     0.2310   2.8547  -0.33615E-01   0.56824E-03   0.12858E+00   0.13265E+02   0.32720E+00
   26     0.2417   2.9657  -0.35363E-01   0.58685E-03   0.12860E+00   0.13174E+02   0.33309E+00
   27     0.2525   3.0761  -0.37139E-01   0.60459E-03   0.12861E+00   0.13084E+02   0.33907E+00
   28     0.2634   3.1859  -0.38941E-01   0.62154E-03   0.12863E+00   0.12993E+02   0.34512E+00
   29     0.2744   3.2949  -0.40771E-01   0.63772E-03   0.12865E+00   0.12904E+02   0.35121E+00
   30     0.2855   3.4033  -0.42629E-01   0.65292E-03   0.12866E+00   0.12815E+02   0.35738E+00
   31     0.2967   3.5110  -0.44514E-01   0.66683E-03   0.12868E+00   0.12726E+02   0.36362E+00
   32     0.3079   3.6179  -0.46428E-01   0.67939E-03   0.12869E+00   0.12638E+02   0.36991E+00
   33     0.3193   3.7242  -0.48371E-01   0.69050E-03   0.12870E+00   0.12550E+02   0.37629E+00
   34     0.3308   3.8297  -0.50343E-01   0.70027E-03   0.12871E+00   0.12462E+02   0.38270E+00
   35     0.3423   3.9346  -0.52344E-01   0.70854E-03   0.12872E+00   0.12376E+02   0.38924E+00
   36     0.3540   4.0387  -0.54374E-01   0.71511E-03   0.12873E+00   0.12289E+02   0.39577E+00
   37     0.3658   4.1421  -0.56433E-01   0.72002E-03   0.12873E+00   0.12203E+02   0.40243E+00
   38     0.3777   4.2448  -0.58522E-01   0.72307E-03   0.12873E+00   0.12118E+02   0.40915E+00
   39     0.3896   4.3467  -0.60641E-01   0.72425E-03   0.12873E+00   0.12033E+02   0.41590E+00
   40     0.4017   4.4480  -0.62789E-01   0.72343E-03   0.12873E+00   0.11948E+02   0.42275E+00
   41     0.4139   4.5485  -0.64966E-01   0.72084E-03   0.12873E+00   0.11864E+02   0.42971E+00
   42     0.4262   4.6482  -0.67174E-01   0.71629E-03   0.12873E+00   0.11781E+02   0.43670E+00
   43     0.4386   4.7472  -0.69412E-01   0.70947E-03   0.12872E+00   0.11698E+02   0.44377E+00
   44     0.4511   4.8455  -0.71680E-01   0.70022E-03   0.12871E+00   0.11615E+02   0.45093E+00
   45     0.4637   4.9431  -0.73979E-01   0.68875E-03   0.12870E+00   0.11533E+02   0.45817E+00
   46     0.4764   5.0398  -0.76309E-01   0.67448E-03   0.12868E+00   0.11452E+02   0.46547E+00
   47     0.4893   5.1359  -0.78670E-01   0.65814E-03   0.12867E+00   0.11371E+02   0.47288E+00
   48     0.5022   5.2312  -0.81063E-01   0.63891E-03   0.12865E+00   0.11290E+02   0.48031E+00
   49     0.5153   5.3257  -0.83487E-01   0.61705E-03   0.12863E+00   0.11210E+02   0.48786E+00
   50     0.5285   5.4195  -0.85943E-01   0.59218E-03   0.12860E+00   0.11131E+02   0.49545E+00
   51     0.5417   5.5125  -0.88430E-01   0.56426E-03   0.12857E+00   0.11052E+02   0.50318E+00
   52     0.5552   5.6048  -0.90950E-01   0.53380E-03   0.12854E+00   0.10974E+02   0.51092E+00
   53     0.5687   5.6963  -0.93501E-01   0.50066E-03   0.12851E+00   0.10896E+02   0.51879E+00
   54     0.5823   5.7871  -0.96084E-01   0.46430E-03   0.12847E+00   0.10818E+02   0.52673E+00
   55     0.5961   5.8771  -0.98698E-01   0.42499E-03   0.12844E+00   0.10741E+02   0.53471E+00
   56     0.6099   5.9663  -0.10135E+00   0.38232E-03   0.12839E+00   0.10665E+02   0.54278E+00
   57     0.6239   6.0548  -0.10403E+00   0.33582E-03   0.12835E+00   0.10589E+02   0.55091E+00
   58     0.6381   6.1425  -0.10674E+00   0.28600E-03   0.12830E+00   0.10513E+02   0.55915E+00
   59     0.6523   6.2295  -0.10949E+00   0.23245E-03   0.12824E+00   0.10439E+02   0.56747E+00
   60     0.6667   6.3157  -0.11228E+00   0.17490E-03   0.12819E+00   0.10364E+02   0.57585E+00
   61     0.6812   6.4011  -0.11510E+00   0.11300E-03   0.12812E+00   0.10290E+02   0.58428E+00
   62     0.6958   6.4858  -0.11795E+00   0.47835E-04   0.12806E+00   0.10217E+02   0.59281E+00
   63     0.7105   6.5697  -0.12083E+00  -0.20813E-04   0.12799E+00   0.10144E+02   0.60143E+00
   64     0.7254   6.6529  -0.12375E+00  -0.93044E-04   0.12792E+00   0.10072E+02   0.61007E+00
   65     0.7404   6.7353  -0.12671E+00  -0.16969E-03   0.12784E+00   0.10001E+02   0.61886E+00
   66     0.7555   6.8170  -0.12970E+00  -0.25036E-03   0.12776E+00   0.99293E+01   0.62768E+00
   67     0.7708   6.8979  -0.13272E+00  -0.33491E-03   0.12768E+00   0.98587E+01   0.63658E+00
   68     0.7862   6.9781  -0.13578E+00  -0.42370E-03   0.12759E+00   0.97885E+01   0.64553E+00
   69     0.8017   7.0575  -0.13887E+00  -0.51715E-03   0.12749E+00   0.97188E+01   0.65457E+00
   70     0.8174   7.1361  -0.14200E+00  -0.61489E-03   0.12740E+00   0.96497E+01   0.66369E+00
   71     0.8332   7.2140  -0.14516E+00  -0.71717E-03   0.12729E+00   0.95811E+01   0.67285E+00
   72     0.8491   7.2912  -0.14836E+00  -0.82398E-03   0.12719E+00   0.95130E+01   0.68209E+00
   73     0.8652   7.3676  -0.15160E+00  -0.93611E-03   0.12707E+00   0.94454E+01   0.69140E+00
   74     0.8814   7.4433  -0.15488E+00  -0.10533E-02   0.12696E+00   0.93784E+01   0.70077E+00
   75     0.8977   7.5182  -0.15819E+00  -0.11756E-02   0.12683E+00   0.93119E+01   0.71023E+00
   76     0.9142   7.5924  -0.16154E+00  -0.13025E-02   0.12671E+00   0.92459E+01   0.71979E+00
   77     0.9309   7.6659  -0.16492E+00  -0.14346E-02   0.12658E+00   0.91804E+01   0.72936E+00
   78     0.9477   7.7386  -0.16835E+00  -0.15718E-02   0.12644E+00   0.91154E+01   0.73901E+00
   79     0.9646   7.8107  -0.17181E+00  -0.17147E-02   0.12630E+00   0.90510E+01   0.74870E+00
   80     0.9817   7.8820  -0.17530E+00  -0.18622E-02   0.12615E+00   0.89870E+01   0.75842E+00
   81     0.9989   7.9525  -0.17884E+00  -0.20156E-02   0.12599E+00   0.89236E+01   0.76821E+00
   82     1.0163   8.0224  -0.18241E+00  -0.21747E-02   0.12584E+00   0.88607E+01   0.77807E+00
   83     1.0338   8.0915  -0.18602E+00  -0.23397E-02   0.12567E+00   0.87983E+01   0.78795E+00
   84     1.0515   8.1600  -0.18967E+00  -0.25100E-02   0.12550E+00   0.87364E+01   0.79793E+00
   85     1.0693   8.2277  -0.19336E+00  -0.26864E-02   0.12532E+00   0.86751E+01   0.80790E+00
   86     1.0873   8.2947  -0.19709E+00  -0.28686E-02   0.12514E+00   0.86143E+01   0.81799E+00
   87     1.1055   8.3610  -0.20086E+00  -0.30572E-02   0.12495E+00   0.85539E+01   0.82814E+00
   88     1.1238   8.4267  -0.20467E+00  -0.32513E-02   0.12476E+00   0.84941E+01   0.83831E+00
   89     1.1423   8.4916  -0.20851E+00  -0.34516E-02   0.12456E+00   0.84348E+01   0.84856E+00
   90     1.1609   8.5559  -0.21240E+00  -0.36583E-02   0.12435E+00   0.83759E+01   0.85878E+00
   91     1.1797   8.6194  -0.21632E+00  -0.38714E-02   0.12414E+00   0.83176E+01   0.86905E+00
   92     1.1986   8.6823  -0.22029E+00  -0.40910E-02   0.12392E+00   0.82597E+01   0.87930E+00
   93     1.2177   8.7445  -0.22429E+00  -0.43179E-02   0.12369E+00   0.82023E+01   0.88964E+00
   94     1.2370   8.8061  -0.22834E+00  -0.45519E-02   0.12346E+00   0.81454E+01   0.90005E+00
   95     1.2565   8.8669  -0.23243E+00  -0.47923E-02   0.12322E+00   0.80891E+01   0.91045E+00
   96     1.2761   8.9272  -0.23656E+00  -0.50393E-02   0.12297E+00   0.80333E+01   0.92093E+00
   97     1.2959   8.9867  -0.24073E+00  -0.52933E-02   0.12272E+00   0.79779E+01   0.93136E+00
   98     1.3158   9.0456  -0.24494E+00  -0.55544E-02   0.12246E+00   0.79230E+01   0.94185E+00
   99     1.3360   9.1039  -0.24919E+00  -0.58221E-02   0.12219E+00   0.78686E+01   0.95238E+00
  100     1.3563   9.1615  -0.25348E+00  -0.60969E-02   0.12191E+00   0.78146E+01   0.96291E+00
  101     1.3767   9.2185  -0.25781E+00  -0.63787E-02   0.12163E+00   0.77611E+01   0.97344E+00
  102     1.3974   9.2748  -0.26218E+00  -0.66678E-02   0.12134E+00   0.77081E+01   0.98399E+00
  103     1.4183   9.3305  -0.26660E+00  -0.69657E-02   0.12104E+00   0.76555E+01   0.99451E+00
  104     1.4393   9.3856  -0.27106E+00  -0.72725E-02   0.12074E+00   0.76035E+01   0.10050E+01
  105     1.4605   9.4401  -0.27557E+00  -0.75870E-02   0.12042E+00   0.75520E+01   0.10157E+01
  106     1.4819   9.4940  -0.28012E+00  -0.79080E-02   0.12010E+00   0.75009E+01   0.10263E+01
  107     1.5035   9.5472  -0.28470E+00  -0.82355E-02   0.11977E+00   0.74502E+01   0.10369E+01
  108     1.5252   9.5999  -0.28933E+00  -0.85703E-02   0.11944E+00   0.74000E+01   0.10476E+01
  109     1.5472   9.6519  -0.29400E+00  -0.89145E-02   0.11910E+00   0.73503E+01   0.10582E+01
  110     1.5693   9.7034  -0.29872E+00  -0.92679E-02   0.11874E+00   0.73011E+01   0.10687E+01
  111     1.5917   9.7542  -0.30348E+00  -0.96300E-02   0.11838E+00   0.72523E+01   0.10792E+01
  112     1.6142   9.8045  -0.30829E+00  -0.10000E-01   0.11801E+00   0.72039E+01   0.10898E+01
  113     1.6369   9.8542  -0.31314E+00  -0.10379E-01   0.11763E+00   0.71560E+01   0.11003E+01
  114     1.6598   9.9033  -0.31804E+00  -0.10767E-01   0.11724E+00   0.71086E+01   0.11109E+01
  115     1.6830   9.9519  -0.32298E+00  -0.11163E-01   0.11685E+00   0.70616E+01   0.11214E+01
  116     1.7063   9.9999  -0.32796E+00  -0.11568E-01   0.11644E+00   0.70150E+01   0.11319E+01
  117     1.7298  10.0473  -0.33299E+00  -0.11982E-01   0.11603E+00   0.69688E+01   0.11423E+01
  118     1.7536  10.0942  -0.33806E+00  -0.12404E-01   0.11561E+00   0.69232E+01   0.11527E+01
  119     1.7775  10.1405  -0.34319E+00  -0.12837E-01   0.11517E+00   0.68780E+01   0.11631E+01
  120     1.8016  10.1863  -0.34836E+00  -0.13280E-01   0.11473E+00   0.68332E+01   0.11735E+01
  121     1.8260  10.2316  -0.35358E+00  -0.13733E-01   0.11428E+00   0.67888E+01   0.11839E+01
  122     1.8506  10.2763  -0.35885E+00  -0.14197E-01   0.11381E+00   0.67449E+01   0.11940E+01
  123     1.8753  10.3205  -0.36416E+00  -0.14668E-01   0.11334E+00   0.67014E+01   0.12042E+01
  124     1.9003  10.3642  -0.36951E+00  -0.15147E-01   0.11286E+00   0.66584E+01   0.12144E+01
  125     1.9256  10.4073  -0.37491E+00  -0.15637E-01   0.11237E+00   0.66157E+01   0.12245E+01
  126     1.9510  10.4499  -0.38036E+00  -0.16136E-01   0.11187E+00   0.65735E+01   0.12346E+01
  127     1.9766  10.4921  -0.38585E+00  -0.16646E-01   0.11136E+00   0.65318E+01   0.12444E+01
  128     2.0025  10.5337  -0.39140E+00  -0.17167E-01   0.11084E+00   0.64904E+01   0.12544E+01
  129     2.0286  10.5748  -0.39699E+00  -0.17698E-01   0.11031E+00   0.64495E+01   0.12647E+01
  130     2.0550  10.6155  -0.40264E+00  -0.18239E-01   0.10977E+00   0.64089E+01   0.12743E+01
  131     2.0815  10.6556  -0.40833E+00  -0.18791E-01   0.10922E+00   0.63688E+01   0.12821E+01
  132     2.1083  10.6953  -0.41407E+00  -0.19354E-01   0.10866E+00   0.63291E+01   0.12899E+01
  133     2.1353  10.7345  -0.41986E+00  -0.19927E-01   0.10808E+00   0.62898E+01   0.13000E+01
  134     2.1626  10.7732  -0.42570E+00  -0.20512E-01   0.10750E+00   0.62509E+01   0.13116E+01
  135     2.1901  10.8115  -0.43158E+00  -0.21106E-01   0.10690E+00   0.62124E+01   0.13218E+01
  136     2.2178  10.8492  -0.43752E+00  -0.21712E-01   0.10630E+00   0.61743E+01   0.13306E+01
  137     2.2458  10.8866  -0.44351E+00  -0.22330E-01   0.10568E+00   0.61367E+01   0.13395E+01
  138     2.2740  10.9235  -0.44955E+00  -0.22958E-01   0.10505E+00   0.60994E+01   0.13486E+01
  139     2.3025  10.9599  -0.45563E+00  -0.23595E-01   0.10442E+00   0.60625E+01   0.13575E+01
  140     2.3312  10.9959  -0.46177E+00  -0.24247E-01   0.10376E+00   0.60261E+01   0.13662E+01
  141     2.3602  11.0314  -0.46801E+00  -0.24924E-01   0.10309E+00   0.59901E+01   0.13747E+01
  142     2.3894  11.0665  -0.47421E+00  -0.25588E-01   0.10242E+00   0.59543E+01   0.13834E+01
  143     2.4188  11.1012  -0.48029E+00  -0.26212E-01   0.10180E+00   0.59182E+01   0.13924E+01
  144     2.4486  11.1355  -0.48650E+00  -0.26869E-01   0.10114E+00   0.58828E+01   0.14010E+01
  145     2.4785  11.1693  -0.49308E+00  -0.27632E-01   0.10038E+00   0.58490E+01   0.14086E+01
  146     2.5088  11.2027  -0.49973E+00  -0.28411E-01   0.99599E-01   0.58156E+01   0.14161E+01
  147     2.5393  11.2358  -0.50622E+00  -0.29141E-01   0.98869E-01   0.57819E+01   0.14239E+01
  148     2.5701  11.2684  -0.51273E+00  -0.29876E-01   0.98134E-01   0.57484E+01   0.14319E+01
  149     2.6011  11.3006  -0.51935E+00  -0.30637E-01   0.97373E-01   0.57155E+01   0.14395E+01
  150     2.6324  11.3324  -0.52601E+00  -0.31409E-01   0.96601E-01   0.56830E+01   0.14465E+01
  151     2.6640  11.3638  -0.53273E+00  -0.32191E-01   0.95819E-01   0.56508E+01   0.14534E+01
  152     2.6958  11.3948  -0.53950E+00  -0.32989E-01   0.95022E-01   0.56190E+01   0.14626E+01
  153     2.7280  11.4255  -0.54632E+00  -0.33798E-01   0.94213E-01   0.55876E+01   0.14719E+01
  154     2.7604  11.4557  -0.55319E+00  -0.34618E-01   0.93393E-01   0.55566E+01   0.14768E+01
  155     2.7931  11.4856  -0.56013E+00  -0.35453E-01   0.92558E-01   0.55260E+01   0.14809E+01
  156     2.8260  11.5151  -0.56713E+00  -0.36303E-01   0.91708E-01   0.54958E+01   0.14875E+01
  157     2.8593  11.5443  -0.57417E+00  -0.37164E-01   0.90847E-01   0.54659E+01   0.14941E+01
  158     2.8929  11.5731  -0.58127E+00  -0.38039E-01   0.89972E-01   0.54364E+01   0.15001E+01
  159     2.9267  11.6015  -0.58843E+00  -0.38929E-01   0.89082E-01   0.54073E+01   0.15059E+01
  160     2.9608  11.6296  -0.59564E+00  -0.39828E-01   0.88182E-01   0.53785E+01   0.15116E+01
  161     2.9953  11.6573  -0.60290E+00  -0.40741E-01   0.87269E-01   0.53501E+01   0.15171E+01
  162     3.0300  11.6847  -0.61022E+00  -0.41670E-01   0.86340E-01   0.53221E+01   0.15224E+01
  163     3.0651  11.7117  -0.61761E+00  -0.42615E-01   0.85396E-01   0.52945E+01   0.15276E+01
  164     3.1004  11.7384  -0.62505E+00  -0.43572E-01   0.84439E-01   0.52673E+01   0.15324E+01
  165     3.1360  11.7648  -0.63255E+00  -0.44543E-01   0.83467E-01   0.52404E+01   0.15370E+01
  166     3.1720  11.7908  -0.64011E+00  -0.45529E-01   0.82482E-01   0.52139E+01   0.15415E+01
  167     3.2083  11.8165  -0.64772E+00  -0.46529E-01   0.81482E-01   0.51878E+01   0.15456E+01
  168     3.2449  11.8419  -0.65539E+00  -0.47542E-01   0.80469E-01   0.51621E+01   0.15496E+01
  169     3.2818  11.8670  -0.66312E+00  -0.48569E-01   0.79441E-01   0.51367E+01   0.15536E+01
  170     3.3190  11.8918  -0.67091E+00  -0.49612E-01   0.78398E-01   0.51117E+01   0.15573E+01
  171     3.3565  11.9162  -0.67877E+00  -0.50671E-01   0.77339E-01   0.50871E+01   0.15605E+01
  172     3.3944  11.9403  -0.68668E+00  -0.51744E-01   0.76266E-01   0.50628E+01   0.15637E+01
  173     3.4326  11.9642  -0.69464E+00  -0.52831E-01   0.75179E-01   0.50389E+01   0.15667E+01
  174     3.4712  11.9877  -0.70267E+00  -0.53934E-01   0.74077E-01   0.50153E+01   0.15694E+01
  175     3.5100  12.0109  -0.71077E+00  -0.55052E-01   0.72958E-01   0.49922E+01   0.15719E+01
  176     3.5492  12.0339  -0.71891E+00  -0.56183E-01   0.71827E-01   0.49694E+01   0.15742E+01
  177     3.5888  12.0565  -0.72711E+00  -0.57327E-01   0.70683E-01   0.49469E+01   0.15761E+01
  178     3.6287  12.0789  -0.73540E+00  -0.58494E-01   0.69517E-01   0.49249E+01   0.15778E+01
  179     3.6689  12.1010  -0.74374E+00  -0.59675E-01   0.68335E-01   0.49032E+01   0.15794E+01
  180     3.7095  12.1228  -0.75213E+00  -0.60870E-01   0.67141E-01   0.48819E+01   0.15807E+01
  181     3.7505  12.1443  -0.76060E+00  -0.62083E-01   0.65927E-01   0.48609E+01   0.15815E+01
  182     3.7918  12.1656  -0.76913E+00  -0.63313E-01   0.64698E-01   0.48402E+01   0.15827E+01
  183     3.8334  12.1866  -0.77772E+00  -0.64559E-01   0.63452E-01   0.48200E+01   0.15834E+01
  184     3.8754  12.2073  -0.78638E+00  -0.65820E-01   0.62190E-01   0.48001E+01   0.15835E+01
  185     3.9178  12.2277  -0.79509E+00  -0.67095E-01   0.60915E-01   0.47805E+01   0.15835E+01
  186     3.9606  12.2480  -0.80386E+00  -0.68386E-01   0.59624E-01   0.47613E+01   0.15833E+01
  187     4.0037  12.2679  -0.81271E+00  -0.69699E-01   0.58311E-01   0.47424E+01   0.15829E+01
  188     4.0472  12.2876  -0.82162E+00  -0.71026E-01   0.56984E-01   0.47240E+01   0.15822E+01
  189     4.0911  12.3070  -0.83057E+00  -0.72363E-01   0.55647E-01   0.47059E+01   0.15812E+01
  190     4.1353  12.3262  -0.83964E+00  -0.73735E-01   0.54275E-01   0.46881E+01   0.15798E+01
  191     4.1800  12.3452  -0.84876E+00  -0.75118E-01   0.52892E-01   0.46706E+01   0.15782E+01
  192     4.2250  12.3639  -0.85791E+00  -0.76508E-01   0.51502E-01   0.46534E+01   0.15767E+01
  193     4.2705  12.3824  -0.86715E+00  -0.77921E-01   0.50089E-01   0.46366E+01   0.15749E+01
  194     4.3163  12.4006  -0.87646E+00  -0.79356E-01   0.48655E-01   0.46202E+01   0.15725E+01
  195     4.3625  12.4186  -0.88583E+00  -0.80806E-01   0.47205E-01   0.46041E+01   0.15702E+01
  196     4.4091  12.4364  -0.89528E+00  -0.82275E-01   0.45735E-01   0.45883E+01   0.15674E+01
  197     4.4561  12.4539  -0.90479E+00  -0.83761E-01   0.44249E-01   0.45729E+01   0.15639E+01
  198     4.5036  12.4713  -0.91436E+00  -0.85263E-01   0.42747E-01   0.45578E+01   0.15609E+01
  199     4.5514  12.4884  -0.92400E+00  -0.86786E-01   0.41224E-01   0.45430E+01   0.15577E+01
  200     4.5997  12.5053  -0.93372E+00  -0.88331E-01   0.39679E-01   0.45286E+01   0.15538E+01
  201     4.6484  12.5219  -0.94350E+00  -0.89891E-01   0.38119E-01   0.45144E+01   0.15496E+01
  202     4.6975  12.5384  -0.95336E+00  -0.91473E-01   0.36538E-01   0.45005E+01   0.15453E+01
  203     4.7470  12.5547  -0.96328E+00  -0.93073E-01   0.34937E-01   0.44870E+01   0.15406E+01
  204     4.7970  12.5707  -0.97327E+00  -0.94691E-01   0.33319E-01   0.44737E+01   0.15358E+01
  205     4.8474  12.5865  -0.98334E+00  -0.96330E-01   0.31680E-01   0.44608E+01   0.15309E+01
  206     4.8982  12.6022  -0.99348E+00  -0.97991E-01   0.30020E-01   0.44482E+01   0.15254E+01
  207     4.9495  12.6176  -0.10037E+01  -0.99670E-01   0.28341E-01   0.44359E+01   0.15198E+01
  208     5.0012  12.6329  -0.10140E+01  -0.10137E+00   0.26645E-01   0.44238E+01   0.15140E+01
  209     5.0534  12.6479  -0.10243E+01  -0.10309E+00   0.24924E-01   0.44121E+01   0.15080E+01
  210     5.1060  12.6628  -0.10347E+01  -0.10482E+00   0.23188E-01   0.44006E+01   0.15018E+01
  211     5.1591  12.6774  -0.10452E+01  -0.10658E+00   0.21430E-01   0.43894E+01   0.14952E+01
  212     5.2126  12.6919  -0.10558E+01  -0.10836E+00   0.19648E-01   0.43785E+01   0.14885E+01
  213     5.2667  12.7062  -0.10664E+01  -0.11016E+00   0.17851E-01   0.43679E+01   0.14814E+01
  214     5.3211  12.7203  -0.10771E+01  -0.11198E+00   0.16030E-01   0.43575E+01   0.14744E+01
  215     5.3761  12.7342  -0.10879E+01  -0.11383E+00   0.14182E-01   0.43474E+01   0.14668E+01
  216     5.4315  12.7480  -0.10988E+01  -0.11569E+00   0.12318E-01   0.43376E+01   0.14592E+01
  217     5.4874  12.7615  -0.11097E+01  -0.11758E+00   0.10432E-01   0.43280E+01   0.14514E+01
  218     5.5438  12.7749  -0.11208E+01  -0.11949E+00   0.85201E-02   0.43187E+01   0.14432E+01
  219     5.6007  12.7882  -0.11319E+01  -0.12142E+00   0.65867E-02   0.43096E+01   0.14350E+01
  220     5.6581  12.8012  -0.11430E+01  -0.12337E+00   0.46363E-02   0.43007E+01   0.14262E+01
  221     5.7160  12.8141  -0.11543E+01  -0.12536E+00   0.26545E-02   0.42921E+01   0.14173E+01
  222     5.7744  12.8269  -0.11656E+01  -0.12735E+00   0.66133E-03   0.42837E+01   0.14085E+01
  223     5.8333  12.8394  -0.11770E+01  -0.12937E+00  -0.13630E-02   0.42756E+01   0.13992E+01
  224     5.8927  12.8518  -0.11885E+01  -0.13142E+00  -0.34100E-02   0.42676E+01   0.13897E+01
  225     5.9526  12.8641  -0.12000E+01  -0.13349E+00  -0.54753E-02   0.42599E+01   0.13802E+01
  226     6.0131  12.8762  -0.12116E+01  -0.13557E+00  -0.75645E-02   0.42524E+01   0.13702E+01
  227     6.0740  12.8881  -0.12233E+01  -0.13769E+00  -0.96761E-02   0.42451E+01   0.13604E+01
  228     6.1355  12.8999  -0.12351E+01  -0.13983E+00  -0.11817E-01   0.42380E+01   0.13501E+01
  229     6.1976  12.9115  -0.12470E+01  -0.14199E+00  -0.13978E-01   0.42312E+01   0.13396E+01
  230     6.2602  12.9230  -0.12590E+01  -0.14418E+00  -0.16169E-01   0.42245E+01   0.13292E+01
  231     6.3233  12.9343  -0.12710E+01  -0.14639E+00  -0.18377E-01   0.42179E+01   0.13185E+01
  232     6.3869  12.9455  -0.12831E+01  -0.14863E+00  -0.20616E-01   0.42116E+01   0.13077E+01
  233     6.4512  12.9565  -0.12953E+01  -0.15088E+00  -0.22875E-01   0.42055E+01   0.12965E+01
  234     6.5159  12.9674  -0.13076E+01  -0.15317E+00  -0.25158E-01   0.41995E+01   0.12855E+01
  235     6.5813  12.9782  -0.13199E+01  -0.15548E+00  -0.27470E-01   0.41937E+01   0.12740E+01
  236     6.6472  12.9888  -0.13323E+01  -0.15782E+00  -0.29806E-01   0.41881E+01   0.12626E+01
  237     6.7137  12.9993  -0.13449E+01  -0.16018E+00  -0.32168E-01   0.41827E+01   0.12508E+01
  238     6.7807  13.0097  -0.13575E+01  -0.16257E+00  -0.34556E-01   0.41774E+01   0.12390E+01
  239     6.8484  13.0199  -0.13702E+01  -0.16498E+00  -0.36968E-01   0.41722E+01   0.12269E+01
  240     6.9166  13.0300  -0.13829E+01  -0.16742E+00  -0.39409E-01   0.41672E+01   0.12152E+01
  241     6.9854  13.0399  -0.13958E+01  -0.16989E+00  -0.41875E-01   0.41624E+01   0.12028E+01
  242     7.0549  13.0498  -0.14087E+01  -0.17238E+00  -0.44365E-01   0.41577E+01   0.11905E+01
  243     7.1249  13.0595  -0.14217E+01  -0.17489E+00  -0.46882E-01   0.41531E+01   0.11780E+01
  244     7.1955  13.0690  -0.14348E+01  -0.17744E+00  -0.49426E-01   0.41487E+01   0.11657E+01
  245     7.2668  13.0785  -0.14480E+01  -0.18001E+00  -0.52000E-01   0.41444E+01   0.11528E+01
  246     7.3387  13.0878  -0.14613E+01  -0.18261E+00  -0.54601E-01   0.41403E+01   0.11399E+01
  247     7.4112  13.0970  -0.14747E+01  -0.18524E+00  -0.57228E-01   0.41362E+01   0.11272E+01
  248     7.4843  13.1061  -0.14882E+01  -0.18789E+00  -0.59883E-01   0.41323E+01   0.11142E+01
  249     7.5580  13.1151  -0.15017E+01  -0.19058E+00  -0.62565E-01   0.41285E+01   0.11014E+01
  250     7.6324  13.1240  -0.15153E+01  -0.19329E+00  -0.65277E-01   0.41248E+01   0.10880E+01
  251     7.7075  13.1327  -0.15290E+01  -0.19602E+00  -0.68011E-01   0.41213E+01   0.10748E+01
  252     7.7832  13.1414  -0.15429E+01  -0.19879E+00  -0.70777E-01   0.41178E+01   0.10616E+01
  253     7.8596  13.1499  -0.15568E+01  -0.20158E+00  -0.73573E-01   0.41144E+01   0.10483E+01
  254     7.9366  13.1583  -0.15708E+01  -0.20441E+00  -0.76398E-01   0.41112E+01   0.10347E+01
  255     8.0143  13.1666  -0.15848E+01  -0.20726E+00  -0.79252E-01   0.41080E+01   0.10215E+01
  256     8.0926  13.1748  -0.15990E+01  -0.21014E+00  -0.82131E-01   0.41050E+01   0.10082E+01
  257     8.1717  13.1829  -0.16132E+01  -0.21305E+00  -0.85038E-01   0.41020E+01   0.99451E+00
  258     8.2514  13.1909  -0.16276E+01  -0.21599E+00  -0.87982E-01   0.40991E+01   0.98091E+00
  259     8.3319  13.1988  -0.16420E+01  -0.21896E+00  -0.90948E-01   0.40963E+01   0.96724E+00
  260     8.4130  13.2066  -0.16566E+01  -0.22196E+00  -0.93948E-01   0.40936E+01   0.95378E+00
  261     8.4948  13.2143  -0.16712E+01  -0.22499E+00  -0.96980E-01   0.40910E+01   0.94027E+00
  262     8.5774  13.2219  -0.16859E+01  -0.22805E+00  -0.10004E+00   0.40885E+01   0.92667E+00
  263     8.6606  13.2293  -0.17007E+01  -0.23113E+00  -0.10312E+00   0.40860E+01   0.91310E+00
  264     8.7446  13.2367  -0.17156E+01  -0.23425E+00  -0.10624E+00   0.40836E+01   0.89939E+00
  265     8.8293  13.2440  -0.17307E+01  -0.23741E+00  -0.10940E+00   0.40813E+01   0.88561E+00
  266     8.9148  13.2512  -0.17458E+01  -0.24059E+00  -0.11258E+00   0.40790E+01   0.87223E+00
  267     9.0010  13.2584  -0.17610E+01  -0.24381E+00  -0.11580E+00   0.40769E+01   0.85861E+00
  268     9.0879  13.2654  -0.17763E+01  -0.24705E+00  -0.11904E+00   0.40747E+01   0.84489E+00
  269     9.1756  13.2723  -0.17916E+01  -0.25032E+00  -0.12231E+00   0.40727E+01   0.83128E+00
  270     9.2641  13.2792  -0.18071E+01  -0.25363E+00  -0.12562E+00   0.40707E+01   0.81795E+00
  271     9.3534  13.2859  -0.18227E+01  -0.25697E+00  -0.12896E+00   0.40688E+01   0.80419E+00
  272     9.4434  13.2926  -0.18384E+01  -0.26034E+00  -0.13233E+00   0.40669E+01   0.79086E+00
  273     9.5342  13.2992  -0.18541E+01  -0.26373E+00  -0.13572E+00   0.40651E+01   0.77741E+00
  274     9.6257  13.3056  -0.18701E+01  -0.26718E+00  -0.13917E+00   0.40633E+01   0.76397E+00
  275     9.7181  13.3121  -0.18860E+01  -0.27064E+00  -0.14263E+00   0.40616E+01   0.75053E+00
  276     9.8113  13.3184  -0.19021E+01  -0.27414E+00  -0.14613E+00   0.40600E+01   0.73737E+00
  277     9.9053  13.3246  -0.19183E+01  -0.27767E+00  -0.14966E+00   0.40584E+01   0.72425E+00
  278    10.0001  13.3308  -0.19346E+01  -0.28124E+00  -0.15323E+00   0.40568E+01   0.71090E+00
  279    10.0957  13.3369  -0.19509E+01  -0.28484E+00  -0.15683E+00   0.40553E+01   0.69801E+00
  280    10.1922  13.3429  -0.19674E+01  -0.28846E+00  -0.16045E+00   0.40538E+01   0.68493E+00
  281    10.2895  13.3488  -0.19840E+01  -0.29213E+00  -0.16412E+00   0.40524E+01   0.67205E+00
  282    10.3877  13.3547  -0.20007E+01  -0.29583E+00  -0.16782E+00   0.40511E+01   0.65910E+00
  283    10.4867  13.3605  -0.20175E+01  -0.29957E+00  -0.17156E+00   0.40497E+01   0.64633E+00
  284    10.5865  13.3662  -0.20343E+01  -0.30333E+00  -0.17532E+00   0.40484E+01   0.63390E+00
  285    10.6873  13.3718  -0.20513E+01  -0.30713E+00  -0.17912E+00   0.40472E+01   0.62124E+00
  286    10.7889  13.3774  -0.20684E+01  -0.31097E+00  -0.18296E+00   0.40459E+01   0.60862E+00
  287    10.8914  13.3829  -0.20856E+01  -0.31484E+00  -0.18683E+00   0.40448E+01   0.59631E+00
  288    10.9947  13.3883  -0.21030E+01  -0.31875E+00  -0.19074E+00   0.40436E+01   0.58401E+00
  289    11.0990  13.3936  -0.21204E+01  -0.32269E+00  -0.19468E+00   0.40425E+01   0.57192E+00
  290    11.2042  13.3989  -0.21379E+01  -0.32665E+00  -0.19864E+00   0.40414E+01   0.55993E+00
  291    11.3103  13.4041  -0.21555E+01  -0.33067E+00  -0.20266E+00   0.40404E+01   0.54753E+00
  292    11.4173  13.4093  -0.21733E+01  -0.33471E+00  -0.20670E+00   0.40393E+01   0.53614E+00
  293    11.5253  13.4143  -0.21911E+01  -0.33879E+00  -0.21078E+00   0.40383E+01   0.52456E+00
  294    11.6342  13.4193  -0.22091E+01  -0.34292E+00  -0.21490E+00   0.40374E+01   0.51283E+00
  295    11.7440  13.4243  -0.22271E+01  -0.34704E+00  -0.21903E+00   0.40364E+01   0.50141E+00
  296    11.8548  13.4292  -0.22453E+01  -0.35125E+00  -0.22324E+00   0.40355E+01   0.49023E+00
  297    11.9666  13.4340  -0.22636E+01  -0.35548E+00  -0.22747E+00   0.40347E+01   0.47822E+00
  298    12.0793  13.4388  -0.22820E+01  -0.35974E+00  -0.23173E+00   0.40338E+01   0.46806E+00
  299    12.1930  13.4435  -0.23005E+01  -0.36403E+00  -0.23602E+00   0.40330E+01   0.45695E+00
  300    12.3077  13.4481  -0.23190E+01  -0.36835E+00  -0.24034E+00   0.40321E+01   0.44627E+00
  301    12.4234  13.4527  -0.23378E+01  -0.37273E+00  -0.24472E+00   0.40314E+01   0.43548E+00
  302    12.5401  13.4572  -0.23567E+01  -0.37716E+00  -0.24915E+00   0.40306E+01   0.42507E+00
  303    12.6578  13.4616  -0.23756E+01  -0.38161E+00  -0.25360E+00   0.40299E+01   0.41454E+00
  304    12.7766  13.4660  -0.23947E+01  -0.38609E+00  -0.25808E+00   0.40291E+01   0.40501E+00
  305    12.8963  13.4704  -0.24139E+01  -0.39061E+00  -0.26260E+00   0.40285E+01   0.39439E+00
  306    13.0172  13.4747  -0.24332E+01  -0.39518E+00  -0.26717E+00   0.40278E+01   0.38442E+00
  307    13.1390  13.4789  -0.24526E+01  -0.39979E+00  -0.27178E+00   0.40271E+01   0.37459E+00
  308    13.2619  13.4831  -0.24721E+01  -0.40441E+00  -0.27640E+00   0.40265E+01   0.36499E+00
  309    13.3859  13.4872  -0.24918E+01  -0.40909E+00  -0.28108E+00   0.40258E+01   0.35549E+00
  310    13.5110  13.4913  -0.25115E+01  -0.41381E+00  -0.28580E+00   0.40252E+01   0.34612E+00
  311    13.6372  13.4953  -0.25314E+01  -0.41856E+00  -0.29055E+00   0.40246E+01   0.33709E+00
  312    13.7644  13.4993  -0.25514E+01  -0.42335E+00  -0.29534E+00   0.40241E+01   0.32804E+00
  313    13.8928  13.5032  -0.25715E+01  -0.42819E+00  -0.30018E+00   0.40235E+01   0.31910E+00
  314    14.0223  13.5071  -0.25918E+01  -0.43306E+00  -0.30505E+00   0.40230E+01   0.31037E+00
  315    14.1529  13.5109  -0.26121E+01  -0.43797E+00  -0.30996E+00   0.40224E+01   0.30190E+00
  316    14.2846  13.5146  -0.26326E+01  -0.44292E+00  -0.31491E+00   0.40219E+01   0.29344E+00
  317    14.4175  13.5184  -0.26532E+01  -0.44792E+00  -0.31990E+00   0.40214E+01   0.28513E+00
  318    14.5515  13.5220  -0.26739E+01  -0.45296E+00  -0.32495E+00   0.40209E+01   0.27703E+00
  319    14.6867  13.5257  -0.26947E+01  -0.45802E+00  -0.33001E+00   0.40205E+01   0.26918E+00
  320    14.8231  13.5292  -0.27157E+01  -0.46314E+00  -0.33513E+00   0.40200E+01   0.26127E+00
  321    14.9607  13.5328  -0.27368E+01  -0.46829E+00  -0.34028E+00   0.40196E+01   0.25359E+00
  322    15.0994  13.5363  -0.27580E+01  -0.47349E+00  -0.34548E+00   0.40191E+01   0.24611E+00
  323    15.2394  13.5397  -0.27793E+01  -0.47872E+00  -0.35071E+00   0.40187E+01   0.23879E+00
  324    15.3806  13.5431  -0.28008E+01  -0.48401E+00  -0.35600E+00   0.40183E+01   0.23155E+00
  325    15.5230  13.5464  -0.28224E+01  -0.48933E+00  -0.36132E+00   0.40179E+01   0.22450E+00
  326    15.6666  13.5498  -0.28441E+01  -0.49469E+00  -0.36668E+00   0.40175E+01   0.21761E+00
  327    15.8115  13.5530  -0.28659E+01  -0.50010E+00  -0.37209E+00   0.40171E+01   0.21087E+00
  328    15.9577  13.5562  -0.28879E+01  -0.50554E+00  -0.37753E+00   0.40168E+01   0.20439E+00
  329    16.1051  13.5594  -0.29100E+01  -0.51103E+00  -0.38302E+00   0.40164E+01   0.19780E+00
  330    16.2538  13.5626  -0.29322E+01  -0.51656E+00  -0.38855E+00   0.40160E+01   0.19157E+00
  331    16.4038  13.5657  -0.29546E+01  -0.52215E+00  -0.39414E+00   0.40157E+01   0.18541E+00
  332    16.5551  13.5687  -0.29771E+01  -0.52776E+00  -0.39975E+00   0.40154E+01   0.17936E+00
  333    16.7078  13.5717  -0.29997E+01  -0.53343E+00  -0.40541E+00   0.40150E+01   0.17345E+00
  334    16.8617  13.5747  -0.30224E+01  -0.53912E+00  -0.41111E+00   0.40147E+01   0.16768E+00
  335    17.0170  13.5777  -0.30453E+01  -0.54488E+00  -0.41686E+00   0.40144E+01   0.16210E+00
  336    17.1736  13.5806  -0.30683E+01  -0.55067E+00  -0.42266E+00   0.40141E+01   0.15675E+00
  337    17.3316  13.5835  -0.30914E+01  -0.55650E+00  -0.42849E+00   0.40138E+01   0.15134E+00
  338    17.4910  13.5863  -0.31147E+01  -0.56238E+00  -0.43437E+00   0.40135E+01   0.14618E+00
  339    17.6518  13.5891  -0.31381E+01  -0.56831E+00  -0.44030E+00   0.40133E+01   0.14112E+00
  340    17.8139  13.5918  -0.31617E+01  -0.57428E+00  -0.44627E+00   0.40130E+01   0.13619E+00
  341    17.9775  13.5946  -0.31853E+01  -0.58030E+00  -0.45229E+00   0.40127E+01   0.13145E+00
  342    18.1425  13.5972  -0.32091E+01  -0.58635E+00  -0.45834E+00   0.40125E+01   0.12677E+00
  343    18.3089  13.5999  -0.32331E+01  -0.59247E+00  -0.46446E+00   0.40122E+01   0.12221E+00
  344    18.4768  13.6025  -0.32572E+01  -0.59862E+00  -0.47061E+00   0.40120E+01   0.11777E+00
  345    18.6461  13.6051  -0.32814E+01  -0.60482E+00  -0.47681E+00   0.40117E+01   0.11353E+00
  346    18.8169  13.6077  -0.33058E+01  -0.61106E+00  -0.48305E+00   0.40115E+01   0.10937E+00
  347    18.9892  13.6102  -0.33303E+01  -0.61735E+00  -0.48934E+00   0.40113E+01   0.10528E+00
  348    19.1630  13.6127  -0.33549E+01  -0.62369E+00  -0.49568E+00   0.40111E+01   0.10133E+00
  349    19.3383  13.6151  -0.33797E+01  -0.63008E+00  -0.50206E+00   0.40108E+01   0.97539E-01
  350    19.5151  13.6175  -0.34046E+01  -0.63650E+00  -0.50849E+00   0.40106E+01   0.93833E-01
  351    19.6934  13.6199  -0.34297E+01  -0.64299E+00  -0.51497E+00   0.40104E+01   0.90252E-01
  352    19.8734  13.6223  -0.34548E+01  -0.64961E+00  -0.52160E+00   0.40000E+01   0.86746E-01
  353    20.0548  13.6246  -0.34802E+01  -0.65619E+00  -0.52818E+00   0.40000E+01   0.83336E-01
  354    20.2379  13.6269  -0.35057E+01  -0.66281E+00  -0.53480E+00   0.40000E+01   0.80100E-01
  355    20.4225  13.6292  -0.35314E+01  -0.66948E+00  -0.54147E+00   0.40000E+01   0.76905E-01
  356    20.6088  13.6314  -0.35571E+01  -0.67619E+00  -0.54818E+00   0.40000E+01   0.73825E-01
  357    20.7966  13.6337  -0.35831E+01  -0.68295E+00  -0.55494E+00   0.40000E+01   0.70860E-01
  358    20.9861  13.6358  -0.36091E+01  -0.68976E+00  -0.56175E+00   0.40000E+01   0.68004E-01
  359    21.1773  13.6380  -0.36354E+01  -0.69662E+00  -0.56861E+00   0.40000E+01   0.65210E-01
  360    21.3701  13.6401  -0.36617E+01  -0.70353E+00  -0.57552E+00   0.40000E+01   0.62537E-01
  361    21.5646  13.6422  -0.36882E+01  -0.71049E+00  -0.58248E+00   0.40000E+01   0.59853E-01
  362    21.7607  13.6443  -0.37149E+01  -0.71751E+00  -0.58950E+00   0.40000E+01   0.57414E-01
  363    21.9586  13.6463  -0.37417E+01  -0.72456E+00  -0.59655E+00   0.40000E+01   0.54977E-01
  364    22.1582  13.6484  -0.37687E+01  -0.73166E+00  -0.60365E+00   0.40000E+01   0.52637E-01
  365    22.3596  13.6504  -0.37958E+01  -0.73882E+00  -0.61080E+00   0.40000E+01   0.50380E-01
  366    22.5626  13.6523  -0.38230E+01  -0.74602E+00  -0.61801E+00   0.40000E+01   0.48212E-01
  367    22.7675  13.6543  -0.38505E+01  -0.75329E+00  -0.62528E+00   0.40000E+01   0.46108E-01
  368    22.9741  13.6562  -0.38780E+01  -0.76059E+00  -0.63258E+00   0.40000E+01   0.44072E-01
  369    23.1825  13.6581  -0.39057E+01  -0.76794E+00  -0.63993E+00   0.40000E+01   0.42115E-01
  370    23.3928  13.6600  -0.39336E+01  -0.77536E+00  -0.64735E+00   0.40000E+01   0.40217E-01
  371    23.6049  13.6618  -0.39616E+01  -0.78280E+00  -0.65479E+00   0.40000E+01   0.38437E-01
  372    23.8188  13.6636  -0.39898E+01  -0.79033E+00  -0.66232E+00   0.40000E+01   0.36682E-01
  373    24.0345  13.6654  -0.40181E+01  -0.79790E+00  -0.66989E+00   0.40000E+01   0.35010E-01
  374    24.2522  13.6672  -0.40466E+01  -0.80553E+00  -0.67752E+00   0.40000E+01   0.33381E-01
  375    24.4717  13.6689  -0.40753E+01  -0.81318E+00  -0.68517E+00   0.40000E+01   0.31831E-01
  376    24.6932  13.6707  -0.41040E+01  -0.82089E+00  -0.69288E+00   0.40000E+01   0.30336E-01
  377    24.9166  13.6724  -0.41330E+01  -0.82867E+00  -0.70066E+00   0.40000E+01   0.28910E-01
  378    25.1419  13.6741  -0.41621E+01  -0.83650E+00  -0.70849E+00   0.40000E+01   0.27562E-01
  379    25.3691  13.6757  -0.41914E+01  -0.84437E+00  -0.71636E+00   0.40000E+01   0.26227E-01
  380    25.5984  13.6774  -0.42208E+01  -0.85230E+00  -0.72429E+00   0.40000E+01   0.24974E-01
  381    25.8296  13.6790  -0.42504E+01  -0.86029E+00  -0.73228E+00   0.40000E+01   0.23758E-01
  382    26.0629  13.6806  -0.42802E+01  -0.86834E+00  -0.74033E+00   0.40000E+01   0.22599E-01
  383    26.2982  13.6822  -0.43101E+01  -0.87642E+00  -0.74841E+00   0.40000E+01   0.21481E-01
  384    26.5355  13.6837  -0.43402E+01  -0.88457E+00  -0.75656E+00   0.40000E+01   0.20420E-01
  385    26.7749  13.6853  -0.43704E+01  -0.89277E+00  -0.76476E+00   0.40000E+01   0.19408E-01
  386    27.0164  13.6868  -0.44008E+01  -0.90103E+00  -0.77302E+00   0.40000E+01   0.18425E-01
  387    27.2599  13.6883  -0.44314E+01  -0.90934E+00  -0.78133E+00   0.40000E+01   0.17494E-01
  388    27.5056  13.6898  -0.44621E+01  -0.91771E+00  -0.78970E+00   0.40000E+01   0.16597E-01
  389    27.7534  13.6912  -0.44931E+01  -0.92613E+00  -0.79812E+00   0.40000E+01   0.15741E-01
  390    28.0034  13.6927  -0.45241E+01  -0.93460E+00  -0.80659E+00   0.40000E+01   0.14933E-01
  391    28.2556  13.6941  -0.45554E+01  -0.94314E+00  -0.81513E+00   0.40000E+01   0.14146E-01
  392    28.5099  13.6955  -0.45868E+01  -0.95173E+00  -0.82372E+00   0.40000E+01   0.13405E-01
  393    28.7665  13.6969  -0.46183E+01  -0.96036E+00  -0.83235E+00   0.40000E+01   0.12695E-01
  394    29.0253  13.6982  -0.46501E+01  -0.96907E+00  -0.84106E+00   0.40000E+01   0.12014E-01
  395    29.2863  13.6996  -0.46819E+01  -0.97782E+00  -0.84981E+00   0.40000E+01   0.11374E-01
  396    29.5496  13.7009  -0.47140E+01  -0.98662E+00  -0.85861E+00   0.40000E+01   0.10757E-01
  397    29.8152  13.7022  -0.47463E+01  -0.99550E+00  -0.86749E+00   0.40000E+01   0.10167E-01
  398    30.0831  13.7035  -0.47787E+01  -0.10044E+01  -0.87642E+00   0.40000E+01   0.96149E-02
  399    30.3534  13.7048  -0.48113E+01  -0.10134E+01  -0.88540E+00   0.40000E+01   0.90811E-02
  400    30.6259  13.7061  -0.48440E+01  -0.10224E+01  -0.89443E+00   0.40000E+01   0.85710E-02
