    1     0.0001   0.0015  -0.15259E-04   0.13461E-05   0.65878E-01   0.84930E+01   0.26677E+03
    2     0.0088   0.1269  -0.20425E-02  -0.63917E-04   0.65813E-01   0.84434E+01   0.38720E+03
    3     0.0176   0.2519  -0.42701E-02  -0.17445E-03   0.65703E-01   0.83950E+01   0.40969E+03
    4     0.0264   0.3763  -0.65919E-02  -0.30206E-03   0.65575E-01   0.83471E+01   0.42475E+03
    5     0.0353   0.5002  -0.90121E-02  -0.44759E-03   0.65429E-01   0.82999E+01   0.43848E+03
    6     0.0443   0.6235  -0.11500E-01  -0.60310E-03   0.65274E-01   0.82530E+01   0.45043E+03
    7     0.0534   0.7463  -0.14052E-01  -0.76773E-03   0.65109E-01   0.82065E+01   0.46132E+03
    8     0.0626   0.8685  -0.16664E-01  -0.94115E-03   0.64936E-01   0.81603E+01   0.47156E+03
    9     0.0718   0.9902  -0.19336E-01  -0.11225E-02   0.64754E-01   0.81144E+01   0.48141E+03
   10     0.0811   1.1112  -0.22064E-01  -0.13115E-02   0.64566E-01   0.80689E+01   0.49064E+03
   11     0.0905   1.2318  -0.24848E-01  -0.15073E-02   0.64370E-01   0.80236E+01   0.49981E+03
   12     0.1000   1.3517  -0.27686E-01  -0.17104E-02   0.64167E-01   0.79786E+01   0.50877E+03
   13     0.1096   1.4710  -0.30588E-01  -0.19230E-02   0.63954E-01   0.79339E+01   0.51769E+03
   14     0.1192   1.5898  -0.33531E-01  -0.21396E-02   0.63737E-01   0.78894E+01   0.52627E+03
   15     0.1290   1.7079  -0.36527E-01  -0.23631E-02   0.63514E-01   0.78452E+01   0.53477E+03
   16     0.1388   1.8254  -0.39576E-01  -0.25931E-02   0.63284E-01   0.78013E+01   0.54331E+03
   17     0.1487   1.9423  -0.42679E-01  -0.28306E-02   0.63046E-01   0.77576E+01   0.55153E+03
   18     0.1587   2.0586  -0.45834E-01  -0.30750E-02   0.62802E-01   0.77142E+01   0.55987E+03
   19     0.1687   2.1743  -0.49040E-01  -0.33266E-02   0.62550E-01   0.76710E+01   0.56812E+03
   20     0.1789   2.2893  -0.52300E-01  -0.35849E-02   0.62292E-01   0.76281E+01   0.57625E+03
   21     0.1891   2.4037  -0.55611E-01  -0.38506E-02   0.62026E-01   0.75855E+01   0.58432E+03
   22     0.1995   2.5174  -0.58975E-01  -0.41235E-02   0.61754E-01   0.75431E+01   0.59240E+03
   23     0.2099   2.6305  -0.62391E-01  -0.44041E-02   0.61473E-01   0.75009E+01   0.60046E+03
   24     0.2204   2.7429  -0.65842E-01  -0.46869E-02   0.61190E-01   0.74590E+01   0.60068E+03
   25     0.2310   2.8547  -0.69363E-01  -0.49823E-02   0.60895E-01   0.74173E+01   0.61648E+03
   26     0.2417   2.9657  -0.72938E-01  -0.52856E-02   0.60591E-01   0.73760E+01   0.62439E+03
   27     0.2525   3.0761  -0.76565E-01  -0.55967E-02   0.60280E-01   0.73348E+01   0.63231E+03
   28     0.2634   3.1859  -0.80246E-01  -0.59156E-02   0.59961E-01   0.72940E+01   0.64022E+03
   29     0.2744   3.2949  -0.83979E-01  -0.62423E-02   0.59635E-01   0.72534E+01   0.64806E+03
   30     0.2855   3.4033  -0.87765E-01  -0.65772E-02   0.59300E-01   0.72130E+01   0.65588E+03
   31     0.2967   3.5110  -0.91606E-01  -0.69207E-02   0.58956E-01   0.71729E+01   0.66368E+03
   32     0.3079   3.6179  -0.95500E-01  -0.72720E-02   0.58605E-01   0.71331E+01   0.67143E+03
   33     0.3193   3.7242  -0.99447E-01  -0.76317E-02   0.58245E-01   0.70935E+01   0.67918E+03
   34     0.3308   3.8297  -0.10345E+00  -0.80001E-02   0.57877E-01   0.70542E+01   0.68681E+03
   35     0.3423   3.9346  -0.10750E+00  -0.83774E-02   0.57500E-01   0.70151E+01   0.69455E+03
   36     0.3540   4.0387  -0.11161E+00  -0.87632E-02   0.57114E-01   0.69763E+01   0.70211E+03
   37     0.3658   4.1421  -0.11578E+00  -0.91583E-02   0.56719E-01   0.69377E+01   0.70974E+03
   38     0.3777   4.2448  -0.12000E+00  -0.95625E-02   0.56315E-01   0.68993E+01   0.71731E+03
   39     0.3896   4.3467  -0.12427E+00  -0.99752E-02   0.55902E-01   0.68613E+01   0.72477E+03
   40     0.4017   4.4480  -0.12860E+00  -0.10397E-01   0.55480E-01   0.68235E+01   0.73224E+03
   41     0.4139   4.5485  -0.13298E+00  -0.10829E-01   0.55048E-01   0.67860E+01   0.73974E+03
   42     0.4262   4.6482  -0.13742E+00  -0.11270E-01   0.54607E-01   0.67488E+01   0.74711E+03
   43     0.4386   4.7472  -0.14192E+00  -0.11721E-01   0.54156E-01   0.67118E+01   0.75444E+03
   44     0.4511   4.8455  -0.14647E+00  -0.12182E-01   0.53695E-01   0.66750E+01   0.76173E+03
   45     0.4637   4.9431  -0.15108E+00  -0.12653E-01   0.53224E-01   0.66385E+01   0.76901E+03
   46     0.4764   5.0398  -0.15575E+00  -0.13134E-01   0.52743E-01   0.66023E+01   0.77617E+03
   47     0.4893   5.1359  -0.16047E+00  -0.13625E-01   0.52252E-01   0.65664E+01   0.78334E+03
   48     0.5022   5.2312  -0.16525E+00  -0.14126E-01   0.51751E-01   0.65307E+01   0.79038E+03
   49     0.5153   5.3257  -0.17009E+00  -0.14637E-01   0.51240E-01   0.64953E+01   0.79742E+03
   50     0.5285   5.4195  -0.17498E+00  -0.15160E-01   0.50717E-01   0.64602E+01   0.80433E+03
   51     0.5417   5.5125  -0.17993E+00  -0.15693E-01   0.50184E-01   0.64253E+01   0.81130E+03
   52     0.5552   5.6048  -0.18495E+00  -0.16236E-01   0.49641E-01   0.63908E+01   0.81809E+03
   53     0.5687   5.6963  -0.19001E+00  -0.16790E-01   0.49087E-01   0.63564E+01   0.82491E+03
   54     0.5823   5.7871  -0.19514E+00  -0.17356E-01   0.48521E-01   0.63224E+01   0.83163E+03
   55     0.5961   5.8771  -0.20033E+00  -0.17932E-01   0.47945E-01   0.62886E+01   0.83822E+03
   56     0.6099   5.9663  -0.20557E+00  -0.18520E-01   0.47357E-01   0.62551E+01   0.84475E+03
   57     0.6239   6.0548  -0.21088E+00  -0.19119E-01   0.46758E-01   0.62219E+01   0.85116E+03
   58     0.6381   6.1425  -0.21624E+00  -0.19729E-01   0.46148E-01   0.61890E+01   0.85755E+03
   59     0.6523   6.2295  -0.22166E+00  -0.20351E-01   0.45526E-01   0.61563E+01   0.86388E+03
   60     0.6667   6.3157  -0.22715E+00  -0.20984E-01   0.44893E-01   0.61239E+01   0.87009E+03
   61     0.6812   6.4011  -0.23269E+00  -0.21629E-01   0.44248E-01   0.60918E+01   0.87618E+03
   62     0.6958   6.4858  -0.23829E+00  -0.22286E-01   0.43591E-01   0.60600E+01   0.88221E+03
   63     0.7105   6.5697  -0.24395E+00  -0.22954E-01   0.42923E-01   0.60284E+01   0.88817E+03
   64     0.7254   6.6529  -0.24967E+00  -0.23634E-01   0.42243E-01   0.59972E+01   0.89393E+03
   65     0.7404   6.7353  -0.25545E+00  -0.24327E-01   0.41550E-01   0.59662E+01   0.89972E+03
   66     0.7555   6.8170  -0.26129E+00  -0.25031E-01   0.40846E-01   0.59354E+01   0.90532E+03
   67     0.7708   6.8979  -0.26719E+00  -0.25747E-01   0.40130E-01   0.59050E+01   0.91083E+03
   68     0.7862   6.9781  -0.27315E+00  -0.26476E-01   0.39401E-01   0.58748E+01   0.91621E+03
   69     0.8017   7.0575  -0.27917E+00  -0.27217E-01   0.38660E-01   0.58449E+01   0.92149E+03
   70     0.8174   7.1361  -0.28526E+00  -0.27971E-01   0.37906E-01   0.58153E+01   0.92669E+03
   71     0.8332   7.2140  -0.29140E+00  -0.28737E-01   0.37140E-01   0.57860E+01   0.93173E+03
   72     0.8491   7.2912  -0.29761E+00  -0.29516E-01   0.36361E-01   0.57569E+01   0.93668E+03
   73     0.8652   7.3676  -0.30387E+00  -0.30307E-01   0.35570E-01   0.57281E+01   0.94150E+03
   74     0.8814   7.4433  -0.31020E+00  -0.31111E-01   0.34766E-01   0.56996E+01   0.94619E+03
   75     0.8977   7.5182  -0.31659E+00  -0.31928E-01   0.33949E-01   0.56714E+01   0.95079E+03
   76     0.9142   7.5924  -0.32304E+00  -0.32758E-01   0.33119E-01   0.56435E+01   0.95530E+03
   77     0.9309   7.6659  -0.32955E+00  -0.33602E-01   0.32275E-01   0.56159E+01   0.95964E+03
   78     0.9477   7.7386  -0.33612E+00  -0.34457E-01   0.31420E-01   0.55885E+01   0.96389E+03
   79     0.9646   7.8107  -0.34276E+00  -0.35327E-01   0.30550E-01   0.55614E+01   0.96800E+03
   80     0.9817   7.8820  -0.34945E+00  -0.36209E-01   0.29668E-01   0.55346E+01   0.97196E+03
   81     0.9989   7.9525  -0.35621E+00  -0.37105E-01   0.28772E-01   0.55081E+01   0.97581E+03
   82     1.0163   8.0224  -0.36303E+00  -0.38014E-01   0.27863E-01   0.54819E+01   0.97953E+03
   83     1.0338   8.0915  -0.36992E+00  -0.38937E-01   0.26940E-01   0.54560E+01   0.98308E+03
   84     1.0515   8.1600  -0.37687E+00  -0.39874E-01   0.26003E-01   0.54303E+01   0.98652E+03
   85     1.0693   8.2277  -0.38388E+00  -0.40824E-01   0.25053E-01   0.54049E+01   0.98972E+03
   86     1.0873   8.2947  -0.39095E+00  -0.41790E-01   0.24087E-01   0.53799E+01   0.99284E+03
   87     1.1055   8.3610  -0.39809E+00  -0.42769E-01   0.23108E-01   0.53551E+01   0.99578E+03
   88     1.1238   8.4267  -0.40529E+00  -0.43763E-01   0.22114E-01   0.53306E+01   0.99855E+03
   89     1.1423   8.4916  -0.41256E+00  -0.44771E-01   0.21106E-01   0.53063E+01   0.10012E+04
   90     1.1609   8.5559  -0.41989E+00  -0.45793E-01   0.20084E-01   0.52824E+01   0.10037E+04
   91     1.1797   8.6194  -0.42729E+00  -0.46829E-01   0.19048E-01   0.52588E+01   0.10060E+04
   92     1.1986   8.6823  -0.43474E+00  -0.47879E-01   0.17998E-01   0.52354E+01   0.10082E+04
   93     1.2177   8.7445  -0.44226E+00  -0.48944E-01   0.16933E-01   0.52123E+01   0.10102E+04
   94     1.2370   8.8061  -0.44984E+00  -0.50023E-01   0.15854E-01   0.51895E+01   0.10120E+04
   95     1.2565   8.8669  -0.45749E+00  -0.51116E-01   0.14761E-01   0.51670E+01   0.10137E+04
   96     1.2761   8.9272  -0.46519E+00  -0.52223E-01   0.13654E-01   0.51448E+01   0.10154E+04
   97     1.2959   8.9867  -0.47296E+00  -0.53345E-01   0.12532E-01   0.51228E+01   0.10167E+04
   98     1.3158   9.0456  -0.48080E+00  -0.54480E-01   0.11397E-01   0.51012E+01   0.10178E+04
   99     1.3360   9.1039  -0.48869E+00  -0.55631E-01   0.10246E-01   0.50798E+01   0.10189E+04
  100     1.3563   9.1615  -0.49665E+00  -0.56796E-01   0.90808E-02   0.50587E+01   0.10198E+04
  101     1.3767   9.2185  -0.50468E+00  -0.57977E-01   0.78999E-02   0.50378E+01   0.10206E+04
  102     1.3974   9.2748  -0.51276E+00  -0.59173E-01   0.67040E-02   0.50173E+01   0.10212E+04
  103     1.4183   9.3305  -0.52092E+00  -0.60384E-01   0.54930E-02   0.49970E+01   0.10216E+04
  104     1.4393   9.3856  -0.52914E+00  -0.61612E-01   0.42651E-02   0.49771E+01   0.10219E+04
  105     1.4605   9.4401  -0.53744E+00  -0.62859E-01   0.30181E-02   0.49574E+01   0.10220E+04
  106     1.4819   9.4940  -0.54579E+00  -0.64115E-01   0.17615E-02   0.49380E+01   0.10220E+04
  107     1.5035   9.5472  -0.55419E+00  -0.65386E-01   0.49057E-03   0.49189E+01   0.10219E+04
  108     1.5252   9.5999  -0.56267E+00  -0.66676E-01  -0.79913E-03   0.49000E+01   0.10215E+04
  109     1.5472   9.6519  -0.57122E+00  -0.67983E-01  -0.21057E-02   0.48815E+01   0.10210E+04
  110     1.5693   9.7034  -0.57984E+00  -0.69305E-01  -0.34283E-02   0.48632E+01   0.10203E+04
  111     1.5917   9.7542  -0.58852E+00  -0.70644E-01  -0.47672E-02   0.48452E+01   0.10193E+04
  112     1.6142   9.8045  -0.59727E+00  -0.71998E-01  -0.61213E-02   0.48275E+01   0.10181E+04
  113     1.6369   9.8542  -0.60608E+00  -0.73369E-01  -0.74916E-02   0.48101E+01   0.10169E+04
  114     1.6598   9.9033  -0.61496E+00  -0.74755E-01  -0.88782E-02   0.47929E+01   0.10155E+04
  115     1.6830   9.9519  -0.62390E+00  -0.76158E-01  -0.10281E-01   0.47760E+01   0.10139E+04
  116     1.7063   9.9999  -0.63291E+00  -0.77577E-01  -0.11700E-01   0.47594E+01   0.10122E+04
  117     1.7298  10.0473  -0.64198E+00  -0.79012E-01  -0.13135E-01   0.47430E+01   0.10102E+04
  118     1.7536  10.0942  -0.65111E+00  -0.80462E-01  -0.14585E-01   0.47270E+01   0.10081E+04
  119     1.7775  10.1405  -0.66031E+00  -0.81928E-01  -0.16051E-01   0.47111E+01   0.10059E+04
  120     1.8016  10.1863  -0.66958E+00  -0.83411E-01  -0.17534E-01   0.46956E+01   0.10035E+04
  121     1.8260  10.2316  -0.67891E+00  -0.84911E-01  -0.19034E-01   0.46803E+01   0.10009E+04
  122     1.8506  10.2763  -0.68830E+00  -0.86428E-01  -0.20551E-01   0.46652E+01   0.99820E+03
  123     1.8753  10.3205  -0.69777E+00  -0.87963E-01  -0.22086E-01   0.46505E+01   0.99536E+03
  124     1.9003  10.3642  -0.70730E+00  -0.89514E-01  -0.23637E-01   0.46360E+01   0.99233E+03
  125     1.9256  10.4073  -0.71690E+00  -0.91083E-01  -0.25206E-01   0.46217E+01   0.98921E+03
  126     1.9510  10.4499  -0.72657E+00  -0.92670E-01  -0.26793E-01   0.46077E+01   0.98594E+03
  127     1.9766  10.4921  -0.73631E+00  -0.94274E-01  -0.28397E-01   0.45940E+01   0.98247E+03
  128     2.0025  10.5337  -0.74611E+00  -0.95895E-01  -0.30018E-01   0.45805E+01   0.97886E+03
  129     2.0286  10.5748  -0.75598E+00  -0.97535E-01  -0.31658E-01   0.45673E+01   0.97503E+03
  130     2.0550  10.6155  -0.76592E+00  -0.99192E-01  -0.33315E-01   0.45544E+01   0.97113E+03
  131     2.0815  10.6556  -0.77592E+00  -0.10087E+00  -0.34990E-01   0.45416E+01   0.96702E+03
  132     2.1083  10.6953  -0.78599E+00  -0.10256E+00  -0.36683E-01   0.45291E+01   0.96283E+03
  133     2.1353  10.7345  -0.79613E+00  -0.10427E+00  -0.38393E-01   0.45169E+01   0.95847E+03
  134     2.1626  10.7732  -0.80633E+00  -0.10600E+00  -0.40121E-01   0.45049E+01   0.95398E+03
  135     2.1901  10.8115  -0.81661E+00  -0.10774E+00  -0.41867E-01   0.44931E+01   0.94938E+03
  136     2.2178  10.8492  -0.82694E+00  -0.10951E+00  -0.43631E-01   0.44816E+01   0.94455E+03
  137     2.2458  10.8866  -0.83735E+00  -0.11129E+00  -0.45414E-01   0.44703E+01   0.93967E+03
  138     2.2740  10.9235  -0.84783E+00  -0.11309E+00  -0.47215E-01   0.44592E+01   0.93460E+03
  139     2.3025  10.9599  -0.85837E+00  -0.11491E+00  -0.49035E-01   0.44484E+01   0.92941E+03
  140     2.3312  10.9959  -0.86899E+00  -0.11675E+00  -0.50875E-01   0.44378E+01   0.92414E+03
  141     2.3602  11.0314  -0.87967E+00  -0.11861E+00  -0.52734E-01   0.44274E+01   0.91869E+03
  142     2.3894  11.0665  -0.89043E+00  -0.12049E+00  -0.54612E-01   0.44172E+01   0.91312E+03
  143     2.4188  11.1012  -0.90125E+00  -0.12239E+00  -0.56508E-01   0.44072E+01   0.90744E+03
  144     2.4486  11.1355  -0.91214E+00  -0.12430E+00  -0.58424E-01   0.43975E+01   0.90166E+03
  145     2.4785  11.1693  -0.92310E+00  -0.12623E+00  -0.60357E-01   0.43880E+01   0.89572E+03
  146     2.5088  11.2027  -0.93412E+00  -0.12819E+00  -0.62311E-01   0.43786E+01   0.88971E+03
  147     2.5393  11.2358  -0.94522E+00  -0.13016E+00  -0.64284E-01   0.43695E+01   0.88357E+03
  148     2.5701  11.2684  -0.95638E+00  -0.13215E+00  -0.66276E-01   0.43606E+01   0.87736E+03
  149     2.6011  11.3006  -0.96761E+00  -0.13416E+00  -0.68288E-01   0.43518E+01   0.87097E+03
  150     2.6324  11.3324  -0.97892E+00  -0.13620E+00  -0.70320E-01   0.43433E+01   0.86456E+03
  151     2.6640  11.3638  -0.99029E+00  -0.13825E+00  -0.72371E-01   0.43350E+01   0.85801E+03
  152     2.6958  11.3948  -0.10017E+01  -0.14032E+00  -0.74444E-01   0.43268E+01   0.85134E+03
  153     2.7280  11.4255  -0.10133E+01  -0.14241E+00  -0.76537E-01   0.43189E+01   0.84458E+03
  154     2.7604  11.4557  -0.10248E+01  -0.14453E+00  -0.78650E-01   0.43111E+01   0.83776E+03
  155     2.7931  11.4856  -0.10365E+01  -0.14666E+00  -0.80784E-01   0.43035E+01   0.83081E+03
  156     2.8260  11.5151  -0.10482E+01  -0.14881E+00  -0.82937E-01   0.42961E+01   0.82379E+03
  157     2.8593  11.5443  -0.10600E+01  -0.15099E+00  -0.85111E-01   0.42888E+01   0.81668E+03
  158     2.8929  11.5731  -0.10719E+01  -0.15318E+00  -0.87306E-01   0.42817E+01   0.80953E+03
  159     2.9267  11.6015  -0.10838E+01  -0.15540E+00  -0.89520E-01   0.42748E+01   0.80222E+03
  160     2.9608  11.6296  -0.10958E+01  -0.15763E+00  -0.91757E-01   0.42681E+01   0.79490E+03
  161     2.9953  11.6573  -0.11079E+01  -0.15989E+00  -0.94014E-01   0.42615E+01   0.78752E+03
  162     3.0300  11.6847  -0.11201E+01  -0.16217E+00  -0.96291E-01   0.42551E+01   0.78002E+03
  163     3.0651  11.7117  -0.11323E+01  -0.16447E+00  -0.98591E-01   0.42488E+01   0.77253E+03
  164     3.1004  11.7384  -0.11446E+01  -0.16679E+00  -0.10091E+00   0.42427E+01   0.76495E+03
  165     3.1360  11.7648  -0.11569E+01  -0.16913E+00  -0.10325E+00   0.42367E+01   0.75727E+03
  166     3.1720  11.7908  -0.11694E+01  -0.17149E+00  -0.10562E+00   0.42309E+01   0.74961E+03
  167     3.2083  11.8165  -0.11819E+01  -0.17388E+00  -0.10800E+00   0.42252E+01   0.74183E+03
  168     3.2449  11.8419  -0.11945E+01  -0.17629E+00  -0.11041E+00   0.42196E+01   0.73404E+03
  169     3.2818  11.8670  -0.12071E+01  -0.17872E+00  -0.11284E+00   0.42142E+01   0.72616E+03
  170     3.3190  11.8918  -0.12199E+01  -0.18117E+00  -0.11529E+00   0.42089E+01   0.71822E+03
  171     3.3565  11.9162  -0.12327E+01  -0.18364E+00  -0.11777E+00   0.42038E+01   0.71024E+03
  172     3.3944  11.9403  -0.12456E+01  -0.18614E+00  -0.12026E+00   0.41988E+01   0.70222E+03
  173     3.4326  11.9642  -0.12585E+01  -0.18866E+00  -0.12278E+00   0.41939E+01   0.69418E+03
  174     3.4712  11.9877  -0.12715E+01  -0.19120E+00  -0.12532E+00   0.41891E+01   0.68612E+03
  175     3.5100  12.0109  -0.12846E+01  -0.19376E+00  -0.12788E+00   0.41845E+01   0.67805E+03
  176     3.5492  12.0339  -0.12978E+01  -0.19634E+00  -0.13047E+00   0.41799E+01   0.66998E+03
  177     3.5888  12.0565  -0.13110E+01  -0.19895E+00  -0.13307E+00   0.41755E+01   0.66186E+03
  178     3.6287  12.0789  -0.13243E+01  -0.20158E+00  -0.13570E+00   0.41712E+01   0.65376E+03
  179     3.6689  12.1010  -0.13377E+01  -0.20423E+00  -0.13836E+00   0.41670E+01   0.64562E+03
  180     3.7095  12.1228  -0.13512E+01  -0.20691E+00  -0.14103E+00   0.41629E+01   0.63746E+03
  181     3.7505  12.1443  -0.13647E+01  -0.20961E+00  -0.14374E+00   0.41589E+01   0.62925E+03
  182     3.7918  12.1656  -0.13784E+01  -0.21234E+00  -0.14646E+00   0.41551E+01   0.62105E+03
  183     3.8334  12.1866  -0.13921E+01  -0.21509E+00  -0.14921E+00   0.41513E+01   0.61283E+03
  184     3.8754  12.2073  -0.14058E+01  -0.21786E+00  -0.15198E+00   0.41476E+01   0.60459E+03
  185     3.9178  12.2277  -0.14197E+01  -0.22065E+00  -0.15477E+00   0.41440E+01   0.59638E+03
  186     3.9606  12.2480  -0.14336E+01  -0.22347E+00  -0.15759E+00   0.41405E+01   0.58811E+03
  187     4.0037  12.2679  -0.14476E+01  -0.22631E+00  -0.16043E+00   0.41371E+01   0.57994E+03
  188     4.0472  12.2876  -0.14616E+01  -0.22917E+00  -0.16329E+00   0.41337E+01   0.57173E+03
  189     4.0911  12.3070  -0.14758E+01  -0.23206E+00  -0.16618E+00   0.41305E+01   0.56355E+03
  190     4.1353  12.3262  -0.14900E+01  -0.23497E+00  -0.16910E+00   0.41274E+01   0.55546E+03
  191     4.1800  12.3452  -0.15043E+01  -0.23791E+00  -0.17203E+00   0.41243E+01   0.54735E+03
  192     4.2250  12.3639  -0.15187E+01  -0.24087E+00  -0.17500E+00   0.41213E+01   0.53923E+03
  193     4.2705  12.3824  -0.15331E+01  -0.24386E+00  -0.17798E+00   0.41184E+01   0.53115E+03
  194     4.3163  12.4006  -0.15477E+01  -0.24687E+00  -0.18099E+00   0.41155E+01   0.52305E+03
  195     4.3625  12.4186  -0.15623E+01  -0.24991E+00  -0.18403E+00   0.41128E+01   0.51502E+03
  196     4.4091  12.4364  -0.15770E+01  -0.25297E+00  -0.18709E+00   0.41101E+01   0.50690E+03
  197     4.4561  12.4539  -0.15917E+01  -0.25605E+00  -0.19018E+00   0.41074E+01   0.49895E+03
  198     4.5036  12.4713  -0.16066E+01  -0.25916E+00  -0.19329E+00   0.41049E+01   0.49094E+03
  199     4.5514  12.4884  -0.16215E+01  -0.26230E+00  -0.19642E+00   0.41024E+01   0.48305E+03
  200     4.5997  12.5053  -0.16365E+01  -0.26546E+00  -0.19958E+00   0.41000E+01   0.47514E+03
  201     4.6484  12.5219  -0.16516E+01  -0.26864E+00  -0.20276E+00   0.40976E+01   0.46727E+03
  202     4.6975  12.5384  -0.16667E+01  -0.27185E+00  -0.20597E+00   0.40953E+01   0.45947E+03
  203     4.7470  12.5547  -0.16819E+01  -0.27509E+00  -0.20921E+00   0.40930E+01   0.45172E+03
  204     4.7970  12.5707  -0.16973E+01  -0.27835E+00  -0.21247E+00   0.40908E+01   0.44399E+03
  205     4.8474  12.5865  -0.17127E+01  -0.28164E+00  -0.21576E+00   0.40887E+01   0.43635E+03
  206     4.8982  12.6022  -0.17281E+01  -0.28495E+00  -0.21907E+00   0.40866E+01   0.42873E+03
  207     4.9495  12.6176  -0.17437E+01  -0.28829E+00  -0.22241E+00   0.40846E+01   0.42120E+03
  208     5.0012  12.6329  -0.17593E+01  -0.29165E+00  -0.22578E+00   0.40826E+01   0.41364E+03
  209     5.0534  12.6479  -0.17750E+01  -0.29504E+00  -0.22917E+00   0.40807E+01   0.40620E+03
  210     5.1060  12.6628  -0.17908E+01  -0.29846E+00  -0.23258E+00   0.40789E+01   0.39883E+03
  211     5.1591  12.6774  -0.18067E+01  -0.30190E+00  -0.23603E+00   0.40770E+01   0.39147E+03
  212     5.2126  12.6919  -0.18227E+01  -0.30537E+00  -0.23950E+00   0.40753E+01   0.38417E+03
  213     5.2667  12.7062  -0.18387E+01  -0.30887E+00  -0.24299E+00   0.40735E+01   0.37696E+03
  214     5.3211  12.7203  -0.18548E+01  -0.31239E+00  -0.24652E+00   0.40718E+01   0.36981E+03
  215     5.3761  12.7342  -0.18710E+01  -0.31594E+00  -0.25007E+00   0.40702E+01   0.36270E+03
  216     5.4315  12.7480  -0.18873E+01  -0.31952E+00  -0.25364E+00   0.40686E+01   0.35568E+03
  217     5.4874  12.7615  -0.19037E+01  -0.32312E+00  -0.25724E+00   0.40670E+01   0.34875E+03
  218     5.5438  12.7749  -0.19201E+01  -0.32675E+00  -0.26087E+00   0.40655E+01   0.34185E+03
  219     5.6007  12.7882  -0.19367E+01  -0.33041E+00  -0.26453E+00   0.40640E+01   0.33504E+03
  220     5.6581  12.8012  -0.19533E+01  -0.33409E+00  -0.26822E+00   0.40626E+01   0.32827E+03
  221     5.7160  12.8141  -0.19700E+01  -0.33781E+00  -0.27193E+00   0.40612E+01   0.32162E+03
  222     5.7744  12.8269  -0.19868E+01  -0.34155E+00  -0.27567E+00   0.40598E+01   0.31501E+03
  223     5.8333  12.8394  -0.20037E+01  -0.34531E+00  -0.27943E+00   0.40585E+01   0.30847E+03
  224     5.8927  12.8518  -0.20206E+01  -0.34911E+00  -0.28323E+00   0.40571E+01   0.30200E+03
  225     5.9526  12.8641  -0.20377E+01  -0.35293E+00  -0.28705E+00   0.40559E+01   0.29563E+03
  226     6.0131  12.8762  -0.20548E+01  -0.35678E+00  -0.29090E+00   0.40546E+01   0.28931E+03
  227     6.0740  12.8881  -0.20720E+01  -0.36065E+00  -0.29478E+00   0.40535E+01   0.28310E+03
  228     6.1355  12.8999  -0.20893E+01  -0.36456E+00  -0.29868E+00   0.40523E+01   0.27696E+03
  229     6.1976  12.9115  -0.21067E+01  -0.36850E+00  -0.30262E+00   0.40511E+01   0.27087E+03
  230     6.2602  12.9230  -0.21242E+01  -0.37246E+00  -0.30658E+00   0.40500E+01   0.26490E+03
  231     6.3233  12.9343  -0.21417E+01  -0.37645E+00  -0.31057E+00   0.40489E+01   0.25896E+03
  232     6.3869  12.9455  -0.21594E+01  -0.38047E+00  -0.31459E+00   0.40478E+01   0.25313E+03
  233     6.4512  12.9565  -0.21771E+01  -0.38452E+00  -0.31864E+00   0.40468E+01   0.24736E+03
  234     6.5159  12.9674  -0.21949E+01  -0.38860E+00  -0.32272E+00   0.40458E+01   0.24169E+03
  235     6.5813  12.9782  -0.22128E+01  -0.39270E+00  -0.32682E+00   0.40448E+01   0.23610E+03
  236     6.6472  12.9888  -0.22308E+01  -0.39683E+00  -0.33095E+00   0.40438E+01   0.23061E+03
  237     6.7137  12.9993  -0.22489E+01  -0.40100E+00  -0.33512E+00   0.40429E+01   0.22520E+03
  238     6.7807  13.0097  -0.22671E+01  -0.40519E+00  -0.33931E+00   0.40419E+01   0.21985E+03
  239     6.8484  13.0199  -0.22853E+01  -0.40941E+00  -0.34353E+00   0.40411E+01   0.21458E+03
  240     6.9166  13.0300  -0.23037E+01  -0.41367E+00  -0.34779E+00   0.40402E+01   0.20942E+03
  241     6.9854  13.0399  -0.23221E+01  -0.41795E+00  -0.35207E+00   0.40393E+01   0.20429E+03
  242     7.0549  13.0498  -0.23407E+01  -0.42226E+00  -0.35638E+00   0.40385E+01   0.19926E+03
  243     7.1249  13.0595  -0.23593E+01  -0.42660E+00  -0.36072E+00   0.40377E+01   0.19428E+03
  244     7.1955  13.0690  -0.23780E+01  -0.43097E+00  -0.36509E+00   0.40369E+01   0.18946E+03
  245     7.2668  13.0785  -0.23968E+01  -0.43537E+00  -0.36949E+00   0.40361E+01   0.18468E+03
  246     7.3387  13.0878  -0.24157E+01  -0.43980E+00  -0.37392E+00   0.40354E+01   0.17999E+03
  247     7.4112  13.0970  -0.24347E+01  -0.44425E+00  -0.37838E+00   0.40346E+01   0.17540E+03
  248     7.4843  13.1061  -0.24537E+01  -0.44875E+00  -0.38287E+00   0.40339E+01   0.17087E+03
  249     7.5580  13.1151  -0.24729E+01  -0.45327E+00  -0.38739E+00   0.40332E+01   0.16644E+03
  250     7.6324  13.1240  -0.24922E+01  -0.45782E+00  -0.39195E+00   0.40325E+01   0.16207E+03
  251     7.7075  13.1327  -0.25115E+01  -0.46241E+00  -0.39653E+00   0.40319E+01   0.15774E+03
  252     7.7832  13.1414  -0.25310E+01  -0.46702E+00  -0.40115E+00   0.40312E+01   0.15355E+03
  253     7.8596  13.1499  -0.25505E+01  -0.47167E+00  -0.40579E+00   0.40306E+01   0.14941E+03
  254     7.9366  13.1583  -0.25702E+01  -0.47634E+00  -0.41046E+00   0.40299E+01   0.14535E+03
  255     8.0143  13.1666  -0.25899E+01  -0.48105E+00  -0.41517E+00   0.40293E+01   0.14140E+03
  256     8.0926  13.1748  -0.26097E+01  -0.48578E+00  -0.41991E+00   0.40287E+01   0.13751E+03
  257     8.1717  13.1829  -0.26296E+01  -0.49056E+00  -0.42468E+00   0.40282E+01   0.13370E+03
  258     8.2514  13.1909  -0.26497E+01  -0.49536E+00  -0.42948E+00   0.40276E+01   0.12996E+03
  259     8.3319  13.1988  -0.26698E+01  -0.50019E+00  -0.43431E+00   0.40270E+01   0.12631E+03
  260     8.4130  13.2066  -0.26900E+01  -0.50506E+00  -0.43918E+00   0.40265E+01   0.12271E+03
  261     8.4948  13.2143  -0.27103E+01  -0.50995E+00  -0.44408E+00   0.40260E+01   0.11921E+03
  262     8.5774  13.2219  -0.27307E+01  -0.51488E+00  -0.44901E+00   0.40255E+01   0.11577E+03
  263     8.6606  13.2293  -0.27512E+01  -0.51985E+00  -0.45397E+00   0.40250E+01   0.11239E+03
  264     8.7446  13.2367  -0.27718E+01  -0.52484E+00  -0.45896E+00   0.40245E+01   0.10911E+03
  265     8.8293  13.2440  -0.27925E+01  -0.52987E+00  -0.46399E+00   0.40240E+01   0.10588E+03
  266     8.9148  13.2512  -0.28133E+01  -0.53493E+00  -0.46905E+00   0.40235E+01   0.10275E+03
  267     9.0010  13.2584  -0.28342E+01  -0.54002E+00  -0.47414E+00   0.40231E+01   0.99660E+02
  268     9.0879  13.2654  -0.28552E+01  -0.54514E+00  -0.47927E+00   0.40226E+01   0.96661E+02
  269     9.1756  13.2723  -0.28762E+01  -0.55030E+00  -0.48442E+00   0.40222E+01   0.93714E+02
  270     9.2641  13.2792  -0.28974E+01  -0.55549E+00  -0.48962E+00   0.40217E+01   0.90849E+02
  271     9.3534  13.2859  -0.29187E+01  -0.56072E+00  -0.49484E+00   0.40213E+01   0.88039E+02
  272     9.4434  13.2926  -0.29401E+01  -0.56598E+00  -0.50010E+00   0.40209E+01   0.85311E+02
  273     9.5342  13.2992  -0.29616E+01  -0.57127E+00  -0.50539E+00   0.40205E+01   0.82631E+02
  274     9.6257  13.3056  -0.29832E+01  -0.57659E+00  -0.51072E+00   0.40201E+01   0.80015E+02
  275     9.7181  13.3121  -0.30049E+01  -0.58195E+00  -0.51608E+00   0.40197E+01   0.77479E+02
  276     9.8113  13.3184  -0.30267E+01  -0.58735E+00  -0.52147E+00   0.40194E+01   0.75013E+02
  277     9.9053  13.3246  -0.30486E+01  -0.59277E+00  -0.52690E+00   0.40190E+01   0.72593E+02
  278    10.0001  13.3308  -0.30706E+01  -0.59824E+00  -0.53236E+00   0.40186E+01   0.70232E+02
  279    10.0957  13.3369  -0.30928E+01  -0.60374E+00  -0.53786E+00   0.40183E+01   0.67936E+02
  280    10.1922  13.3429  -0.31150E+01  -0.60927E+00  -0.54339E+00   0.40180E+01   0.65691E+02
  281    10.2895  13.3488  -0.31373E+01  -0.61483E+00  -0.54895E+00   0.40176E+01   0.63516E+02
  282    10.3877  13.3547  -0.31597E+01  -0.62043E+00  -0.55455E+00   0.40173E+01   0.61391E+02
  283    10.4867  13.3605  -0.31822E+01  -0.62606E+00  -0.56019E+00   0.40170E+01   0.59324E+02
  284    10.5865  13.3662  -0.32049E+01  -0.63174E+00  -0.56586E+00   0.40167E+01   0.57332E+02
  285    10.6873  13.3718  -0.32276E+01  -0.63745E+00  -0.57157E+00   0.40164E+01   0.55367E+02
  286    10.7889  13.3774  -0.32505E+01  -0.64319E+00  -0.57732E+00   0.40161E+01   0.53462E+02
  287    10.8914  13.3829  -0.32735E+01  -0.64897E+00  -0.58309E+00   0.40158E+01   0.51604E+02
  288    10.9947  13.3883  -0.32965E+01  -0.65478E+00  -0.58890E+00   0.40155E+01   0.49811E+02
  289    11.0990  13.3936  -0.33197E+01  -0.66063E+00  -0.59475E+00   0.40152E+01   0.48066E+02
  290    11.2042  13.3989  -0.33430E+01  -0.66651E+00  -0.60064E+00   0.40149E+01   0.46362E+02
  291    11.3103  13.4041  -0.33664E+01  -0.67244E+00  -0.60656E+00   0.40147E+01   0.44713E+02
  292    11.4173  13.4093  -0.33899E+01  -0.67840E+00  -0.61252E+00   0.40144E+01   0.43120E+02
  293    11.5253  13.4143  -0.34135E+01  -0.68439E+00  -0.61852E+00   0.40141E+01   0.41456E+02
  294    11.6342  13.4193  -0.34372E+01  -0.69043E+00  -0.62455E+00   0.40139E+01   0.40057E+02
  295    11.7440  13.4243  -0.34610E+01  -0.69650E+00  -0.63062E+00   0.40136E+01   0.38591E+02
  296    11.8548  13.4292  -0.34846E+01  -0.70248E+00  -0.63661E+00   0.40134E+01   0.37199E+02
  297    11.9666  13.4340  -0.35091E+01  -0.70875E+00  -0.64287E+00   0.40132E+01   0.35789E+02
  298    12.0793  13.4388  -0.35332E+01  -0.71493E+00  -0.64905E+00   0.40129E+01   0.34445E+02
  299    12.1930  13.4435  -0.35575E+01  -0.72115E+00  -0.65527E+00   0.40127E+01   0.33170E+02
  300    12.3077  13.4481  -0.35819E+01  -0.72741E+00  -0.66153E+00   0.40125E+01   0.31910E+02
  301    12.4234  13.4527  -0.36064E+01  -0.73370E+00  -0.66782E+00   0.40123E+01   0.30693E+02
  302    12.5401  13.4572  -0.36311E+01  -0.74004E+00  -0.67416E+00   0.40120E+01   0.29518E+02
  303    12.6578  13.4616  -0.36558E+01  -0.74641E+00  -0.68053E+00   0.40118E+01   0.28374E+02
  304    12.7766  13.4660  -0.36807E+01  -0.75282E+00  -0.68695E+00   0.40116E+01   0.27278E+02
  305    12.8963  13.4704  -0.37056E+01  -0.75927E+00  -0.69339E+00   0.40114E+01   0.26210E+02
  306    13.0172  13.4747  -0.37307E+01  -0.76575E+00  -0.69987E+00   0.40112E+01   0.25182E+02
  307    13.1390  13.4789  -0.37559E+01  -0.77228E+00  -0.70641E+00   0.40110E+01   0.24179E+02
  308    13.2619  13.4831  -0.37813E+01  -0.77885E+00  -0.71298E+00   0.40109E+01   0.23222E+02
  309    13.3859  13.4872  -0.38067E+01  -0.78546E+00  -0.71958E+00   0.40107E+01   0.22290E+02
  310    13.5110  13.4913  -0.38323E+01  -0.79210E+00  -0.72622E+00   0.40105E+01   0.21391E+02
  311    13.6372  13.4953  -0.38580E+01  -0.79879E+00  -0.73291E+00   0.40103E+01   0.20521E+02
  312    13.7644  13.4993  -0.38838E+01  -0.80552E+00  -0.73964E+00   0.40101E+01   0.19686E+02
  313    13.8928  13.5032  -0.39097E+01  -0.81228E+00  -0.74641E+00   0.40100E+01   0.18866E+02
  314    14.0223  13.5071  -0.39358E+01  -0.81909E+00  -0.75321E+00   0.40098E+01   0.18089E+02
  315    14.1529  13.5109  -0.39620E+01  -0.82594E+00  -0.76006E+00   0.40096E+01   0.17333E+02
  316    14.2846  13.5146  -0.39883E+01  -0.83283E+00  -0.76695E+00   0.40095E+01   0.16605E+02
  317    14.4175  13.5184  -0.40147E+01  -0.83976E+00  -0.77388E+00   0.40093E+01   0.15900E+02
  318    14.5515  13.5220  -0.40412E+01  -0.84672E+00  -0.78085E+00   0.40092E+01   0.15223E+02
  319    14.6867  13.5257  -0.40679E+01  -0.85373E+00  -0.78785E+00   0.40090E+01   0.14574E+02
  320    14.8231  13.5292  -0.40947E+01  -0.86079E+00  -0.79491E+00   0.40089E+01   0.13944E+02
  321    14.9607  13.5328  -0.41216E+01  -0.86788E+00  -0.80201E+00   0.40087E+01   0.13342E+02
  322    15.0994  13.5363  -0.41486E+01  -0.87502E+00  -0.80915E+00   0.40086E+01   0.12756E+02
  323    15.2394  13.5397  -0.41758E+01  -0.88220E+00  -0.81632E+00   0.40085E+01   0.12197E+02
  324    15.3806  13.5431  -0.42031E+01  -0.88942E+00  -0.82355E+00   0.40083E+01   0.11658E+02
  325    15.5230  13.5464  -0.42305E+01  -0.89668E+00  -0.83081E+00   0.40082E+01   0.11140E+02
  326    15.6666  13.5498  -0.42581E+01  -0.90399E+00  -0.83812E+00   0.40081E+01   0.10638E+02
  327    15.8115  13.5530  -0.42858E+01  -0.91134E+00  -0.84547E+00   0.40079E+01   0.10163E+02
  328    15.9577  13.5562  -0.43136E+01  -0.91873E+00  -0.85285E+00   0.40078E+01   0.97033E+01
  329    16.1051  13.5594  -0.43415E+01  -0.92617E+00  -0.86029E+00   0.40077E+01   0.92576E+01
  330    16.2538  13.5626  -0.43696E+01  -0.93365E+00  -0.86777E+00   0.40076E+01   0.88350E+01
  331    16.4038  13.5657  -0.43978E+01  -0.94118E+00  -0.87530E+00   0.40074E+01   0.84276E+01
  332    16.5551  13.5687  -0.44261E+01  -0.94874E+00  -0.88286E+00   0.40073E+01   0.80347E+01
  333    16.7078  13.5717  -0.44546E+01  -0.95636E+00  -0.89048E+00   0.40072E+01   0.76574E+01
  334    16.8617  13.5747  -0.44832E+01  -0.96401E+00  -0.89814E+00   0.40071E+01   0.72985E+01
  335    17.0170  13.5777  -0.45120E+01  -0.97172E+00  -0.90584E+00   0.40070E+01   0.69521E+01
  336    17.1736  13.5806  -0.45408E+01  -0.97946E+00  -0.91358E+00   0.40069E+01   0.66228E+01
  337    17.3316  13.5835  -0.45698E+01  -0.98725E+00  -0.92137E+00   0.40068E+01   0.63016E+01
  338    17.4910  13.5863  -0.45990E+01  -0.99509E+00  -0.92921E+00   0.40067E+01   0.59997E+01
  339    17.6518  13.5891  -0.46283E+01  -0.10030E+01  -0.93709E+00   0.40066E+01   0.57078E+01
  340    17.8139  13.5918  -0.46577E+01  -0.10109E+01  -0.94502E+00   0.40065E+01   0.54284E+01
  341    17.9775  13.5946  -0.46872E+01  -0.10189E+01  -0.95299E+00   0.40064E+01   0.51627E+01
  342    18.1425  13.5972  -0.47169E+01  -0.10269E+01  -0.96101E+00   0.40063E+01   0.49074E+01
  343    18.3089  13.5999  -0.47468E+01  -0.10350E+01  -0.96908E+00   0.40062E+01   0.46637E+01
  344    18.4768  13.6025  -0.47767E+01  -0.10431E+01  -0.97720E+00   0.40061E+01   0.44296E+01
  345    18.6461  13.6051  -0.48069E+01  -0.10512E+01  -0.98536E+00   0.40060E+01   0.42081E+01
  346    18.8169  13.6077  -0.48371E+01  -0.10594E+01  -0.99356E+00   0.40059E+01   0.39951E+01
  347    18.9892  13.6102  -0.48675E+01  -0.10677E+01  -0.10018E+01   0.40058E+01   0.37903E+01
  348    19.1630  13.6127  -0.48981E+01  -0.10760E+01  -0.10101E+01   0.40057E+01   0.35945E+01
  349    19.3383  13.6151  -0.49288E+01  -0.10844E+01  -0.10185E+01   0.40056E+01   0.34106E+01
  350    19.5151  13.6175  -0.49596E+01  -0.10927E+01  -0.10269E+01   0.40056E+01   0.32327E+01
  351    19.6934  13.6199  -0.49906E+01  -0.11012E+01  -0.10353E+01   0.40055E+01   0.30649E+01
  352    19.8734  13.6223  -0.50217E+01  -0.11097E+01  -0.10438E+01   0.40054E+01   0.29034E+01
  353    20.0548  13.6246  -0.50530E+01  -0.11182E+01  -0.10524E+01   0.40053E+01   0.27493E+01
  354    20.2379  13.6269  -0.50844E+01  -0.11268E+01  -0.10610E+01   0.40052E+01   0.26035E+01
  355    20.4225  13.6292  -0.51160E+01  -0.11355E+01  -0.10696E+01   0.40052E+01   0.24638E+01
  356    20.6088  13.6314  -0.51477E+01  -0.11442E+01  -0.10783E+01   0.40051E+01   0.23300E+01
  357    20.7966  13.6337  -0.51795E+01  -0.11529E+01  -0.10870E+01   0.40050E+01   0.22045E+01
  358    20.9861  13.6358  -0.52116E+01  -0.11617E+01  -0.10958E+01   0.40049E+01   0.20851E+01
  359    21.1773  13.6380  -0.52437E+01  -0.11706E+01  -0.11047E+01   0.40049E+01   0.19716E+01
  360    21.3701  13.6401  -0.52761E+01  -0.11795E+01  -0.11136E+01   0.40048E+01   0.18630E+01
  361    21.5646  13.6422  -0.53085E+01  -0.11885E+01  -0.11226E+01   0.40000E+01   0.17585E+01
  362    21.7607  13.6443  -0.53412E+01  -0.11975E+01  -0.11316E+01   0.40000E+01   0.16605E+01
  363    21.9586  13.6463  -0.53739E+01  -0.12065E+01  -0.11406E+01   0.40000E+01   0.15668E+01
  364    22.1582  13.6484  -0.54069E+01  -0.12156E+01  -0.11497E+01   0.40000E+01   0.14783E+01
  365    22.3596  13.6504  -0.54399E+01  -0.12247E+01  -0.11589E+01   0.40000E+01   0.13948E+01
  366    22.5626  13.6523  -0.54732E+01  -0.12339E+01  -0.11681E+01   0.40000E+01   0.13148E+01
  367    22.7675  13.6543  -0.55066E+01  -0.12432E+01  -0.11773E+01   0.40000E+01   0.12396E+01
  368    22.9741  13.6562  -0.55402E+01  -0.12525E+01  -0.11866E+01   0.40000E+01   0.11679E+01
  369    23.1825  13.6581  -0.55739E+01  -0.12619E+01  -0.11960E+01   0.40000E+01   0.10999E+01
  370    23.3928  13.6600  -0.56078E+01  -0.12713E+01  -0.12054E+01   0.40000E+01   0.10358E+01
  371    23.6049  13.6618  -0.56418E+01  -0.12808E+01  -0.12149E+01   0.40000E+01   0.97460E+00
  372    23.8188  13.6636  -0.56761E+01  -0.12903E+01  -0.12244E+01   0.40000E+01   0.91672E+00
  373    24.0345  13.6654  -0.57104E+01  -0.12999E+01  -0.12340E+01   0.40000E+01   0.86204E+00
  374    24.2522  13.6672  -0.57449E+01  -0.13095E+01  -0.12436E+01   0.40000E+01   0.81027E+00
  375    24.4717  13.6689  -0.57796E+01  -0.13192E+01  -0.12533E+01   0.40000E+01   0.76155E+00
  376    24.6932  13.6707  -0.58145E+01  -0.13289E+01  -0.12630E+01   0.40000E+01   0.71538E+00
  377    24.9166  13.6724  -0.58495E+01  -0.13387E+01  -0.12728E+01   0.40000E+01   0.67173E+00
  378    25.1419  13.6741  -0.58847E+01  -0.13486E+01  -0.12827E+01   0.40000E+01   0.63103E+00
  379    25.3691  13.6757  -0.59201E+01  -0.13585E+01  -0.12926E+01   0.40000E+01   0.59149E+00
  380    25.5984  13.6774  -0.59556E+01  -0.13684E+01  -0.13026E+01   0.40000E+01   0.55496E+00
  381    25.8296  13.6790  -0.59913E+01  -0.13785E+01  -0.13126E+01   0.40000E+01   0.52018E+00
  382    26.0629  13.6806  -0.60272E+01  -0.13885E+01  -0.13227E+01   0.40000E+01   0.48734E+00
  383    26.2982  13.6822  -0.60632E+01  -0.13987E+01  -0.13328E+01   0.40000E+01   0.45663E+00
  384    26.5355  13.6837  -0.60994E+01  -0.14088E+01  -0.13430E+01   0.40000E+01   0.42781E+00
  385    26.7749  13.6853  -0.61358E+01  -0.14191E+01  -0.13532E+01   0.40000E+01   0.40052E+00
  386    27.0164  13.6868  -0.61723E+01  -0.14294E+01  -0.13635E+01   0.40000E+01   0.37469E+00
  387    27.2599  13.6883  -0.62090E+01  -0.14398E+01  -0.13739E+01   0.40000E+01   0.35053E+00
  388    27.5056  13.6898  -0.62460E+01  -0.14502E+01  -0.13843E+01   0.40000E+01   0.32760E+00
  389    27.7534  13.6912  -0.62830E+01  -0.14607E+01  -0.13948E+01   0.40000E+01   0.30621E+00
  390    28.0034  13.6927  -0.63203E+01  -0.14712E+01  -0.14053E+01   0.40000E+01   0.28621E+00
  391    28.2556  13.6941  -0.63577E+01  -0.14818E+01  -0.14159E+01   0.40000E+01   0.26719E+00
  392    28.5099  13.6955  -0.63953E+01  -0.14924E+01  -0.14266E+01   0.40000E+01   0.24943E+00
  393    28.7665  13.6969  -0.64331E+01  -0.15032E+01  -0.14373E+01   0.40000E+01   0.23273E+00
  394    29.0253  13.6982  -0.64711E+01  -0.15139E+01  -0.14481E+01   0.40000E+01   0.21703E+00
  395    29.2863  13.6996  -0.65092E+01  -0.15248E+01  -0.14589E+01   0.40000E+01   0.20240E+00
  396    29.5496  13.7009  -0.65475E+01  -0.15357E+01  -0.14698E+01   0.40000E+01   0.18854E+00
  397    29.8152  13.7022  -0.65860E+01  -0.15466E+01  -0.14807E+01   0.40000E+01   0.17564E+00
  398    30.0831  13.7035  -0.66247E+01  -0.15576E+01  -0.14918E+01   0.40000E+01   0.16355E+00
  399    30.3534  13.7048  -0.66636E+01  -0.15687E+01  -0.15028E+01   0.40000E+01   0.15223E+00
  400    30.6259  13.7061  -0.67026E+01  -0.15798E+01  -0.15140E+01   0.40000E+01   0.14161E+00
