    1     0.0001   0.0015  -0.15259E-04  -0.64715E-06   0.13742E+00   0.16899E+02   0.78701E-01
    2     0.0088   0.1269  -0.89662E-03   0.51096E-04   0.13747E+00   0.16786E+02   0.51122E-01
    3     0.0176   0.2519  -0.18801E-02   0.85571E-04   0.13751E+00   0.16675E+02   0.54431E-01
    4     0.0264   0.3763  -0.28929E-02   0.12051E-03   0.13754E+00   0.16564E+02   0.56454E-01
    5     0.0353   0.5002  -0.39564E-02   0.15011E-03   0.13757E+00   0.16454E+02   0.58500E-01
    6     0.0443   0.6235  -0.50505E-02   0.17940E-03   0.13760E+00   0.16345E+02   0.60330E-01
    7     0.0534   0.7463  -0.61732E-02   0.20859E-03   0.13763E+00   0.16236E+02   0.62038E-01
    8     0.0626   0.8685  -0.73239E-02   0.23803E-03   0.13766E+00   0.16128E+02   0.63672E-01
    9     0.0718   0.9902  -0.85012E-02   0.26784E-03   0.13769E+00   0.16020E+02   0.65274E-01
   10     0.0811   1.1112  -0.97057E-02   0.29764E-03   0.13772E+00   0.15912E+02   0.66816E-01
   11     0.0905   1.2318  -0.10935E-01   0.32811E-03   0.13775E+00   0.15805E+02   0.68364E-01
   12     0.1000   1.3517  -0.12191E-01   0.35910E-03   0.13778E+00   0.15699E+02   0.69918E-01
   13     0.1096   1.4710  -0.13471E-01   0.39029E-03   0.13781E+00   0.15593E+02   0.71465E-01
   14     0.1192   1.5898  -0.14776E-01   0.42231E-03   0.13785E+00   0.15487E+02   0.73016E-01
   15     0.1290   1.7079  -0.16115E-01   0.45303E-03   0.13788E+00   0.15382E+02   0.74619E-01
   16     0.1388   1.8254  -0.17467E-01   0.48700E-03   0.13791E+00   0.15277E+02   0.76196E-01
   17     0.1487   1.9423  -0.18843E-01   0.52119E-03   0.13794E+00   0.15173E+02   0.77751E-01
   18     0.1587   2.0586  -0.20244E-01   0.55578E-03   0.13798E+00   0.15069E+02   0.79340E-01
   19     0.1687   2.1743  -0.21669E-01   0.59078E-03   0.13801E+00   0.14966E+02   0.80936E-01
   20     0.1789   2.2893  -0.23117E-01   0.62625E-03   0.13805E+00   0.14863E+02   0.82520E-01
   21     0.1891   2.4037  -0.24590E-01   0.66187E-03   0.13809E+00   0.14760E+02   0.84105E-01
   22     0.1995   2.5174  -0.26087E-01   0.69758E-03   0.13812E+00   0.14658E+02   0.85697E-01
   23     0.2099   2.6305  -0.27609E-01   0.73361E-03   0.13816E+00   0.14557E+02   0.87295E-01
   24     0.2204   2.7429  -0.29147E-01   0.77180E-03   0.13820E+00   0.14456E+02   0.87755E-01
   25     0.2310   2.8547  -0.30720E-01   0.80736E-03   0.13823E+00   0.14355E+02   0.90511E-01
   26     0.2417   2.9657  -0.32318E-01   0.84286E-03   0.13827E+00   0.14255E+02   0.92130E-01
   27     0.2525   3.0761  -0.33942E-01   0.87758E-03   0.13830E+00   0.14156E+02   0.93780E-01
   28     0.2634   3.1859  -0.35593E-01   0.91188E-03   0.13834E+00   0.14057E+02   0.95457E-01
   29     0.2744   3.2949  -0.37270E-01   0.94557E-03   0.13837E+00   0.13958E+02   0.97162E-01
   30     0.2855   3.4033  -0.38972E-01   0.97858E-03   0.13840E+00   0.13860E+02   0.98899E-01
   31     0.2967   3.5110  -0.40700E-01   0.10110E-02   0.13843E+00   0.13762E+02   0.10067E+00
   32     0.3079   3.6179  -0.42455E-01   0.10430E-02   0.13847E+00   0.13665E+02   0.10246E+00
   33     0.3193   3.7242  -0.44234E-01   0.10746E-02   0.13850E+00   0.13569E+02   0.10429E+00
   34     0.3308   3.8297  -0.46038E-01   0.11053E-02   0.13853E+00   0.13473E+02   0.10612E+00
   35     0.3423   3.9346  -0.47869E-01   0.11350E-02   0.13856E+00   0.13377E+02   0.10799E+00
   36     0.3540   4.0387  -0.49726E-01   0.11640E-02   0.13859E+00   0.13282E+02   0.10987E+00
   37     0.3658   4.1421  -0.51610E-01   0.11918E-02   0.13862E+00   0.13188E+02   0.11177E+00
   38     0.3777   4.2448  -0.53521E-01   0.12182E-02   0.13864E+00   0.13094E+02   0.11369E+00
   39     0.3896   4.3467  -0.55460E-01   0.12433E-02   0.13867E+00   0.13000E+02   0.11562E+00
   40     0.4017   4.4480  -0.57428E-01   0.12667E-02   0.13869E+00   0.12907E+02   0.11758E+00
   41     0.4139   4.5485  -0.59424E-01   0.12883E-02   0.13871E+00   0.12815E+02   0.11957E+00
   42     0.4262   4.6482  -0.61447E-01   0.13089E-02   0.13873E+00   0.12723E+02   0.12158E+00
   43     0.4386   4.7472  -0.63498E-01   0.13274E-02   0.13875E+00   0.12631E+02   0.12361E+00
   44     0.4511   4.8455  -0.65577E-01   0.13448E-02   0.13877E+00   0.12541E+02   0.12567E+00
   45     0.4637   4.9431  -0.67682E-01   0.13605E-02   0.13878E+00   0.12450E+02   0.12776E+00
   46     0.4764   5.0398  -0.69814E-01   0.13752E-02   0.13880E+00   0.12361E+02   0.12987E+00
   47     0.4893   5.1359  -0.71974E-01   0.13881E-02   0.13881E+00   0.12271E+02   0.13200E+00
   48     0.5022   5.2312  -0.74162E-01   0.13992E-02   0.13882E+00   0.12183E+02   0.13415E+00
   49     0.5153   5.3257  -0.76380E-01   0.14081E-02   0.13883E+00   0.12095E+02   0.13634E+00
   50     0.5285   5.4195  -0.78628E-01   0.14144E-02   0.13884E+00   0.12007E+02   0.13853E+00
   51     0.5417   5.5125  -0.80906E-01   0.14181E-02   0.13884E+00   0.11920E+02   0.14077E+00
   52     0.5552   5.6048  -0.83216E-01   0.14196E-02   0.13884E+00   0.11834E+02   0.14303E+00
   53     0.5687   5.6963  -0.85555E-01   0.14183E-02   0.13884E+00   0.11748E+02   0.14532E+00
   54     0.5823   5.7871  -0.87925E-01   0.14145E-02   0.13884E+00   0.11663E+02   0.14763E+00
   55     0.5961   5.8771  -0.90326E-01   0.14080E-02   0.13883E+00   0.11578E+02   0.14996E+00
   56     0.6099   5.9663  -0.92756E-01   0.13990E-02   0.13882E+00   0.11494E+02   0.15232E+00
   57     0.6239   6.0548  -0.95217E-01   0.13876E-02   0.13881E+00   0.11410E+02   0.15469E+00
   58     0.6381   6.1425  -0.97707E-01   0.13737E-02   0.13880E+00   0.11327E+02   0.15709E+00
   59     0.6523   6.2295  -0.10023E+00   0.13568E-02   0.13878E+00   0.11245E+02   0.15952E+00
   60     0.6667   6.3157  -0.10278E+00   0.13370E-02   0.13876E+00   0.11163E+02   0.16198E+00
   61     0.6812   6.4011  -0.10537E+00   0.13143E-02   0.13874E+00   0.11082E+02   0.16445E+00
   62     0.6958   6.4858  -0.10798E+00   0.12881E-02   0.13871E+00   0.11001E+02   0.16696E+00
   63     0.7105   6.5697  -0.11063E+00   0.12590E-02   0.13868E+00   0.10921E+02   0.16950E+00
   64     0.7254   6.6529  -0.11331E+00   0.12262E-02   0.13865E+00   0.10841E+02   0.17204E+00
   65     0.7404   6.7353  -0.11602E+00   0.11902E-02   0.13861E+00   0.10762E+02   0.17464E+00
   66     0.7555   6.8170  -0.11877E+00   0.11503E-02   0.13857E+00   0.10684E+02   0.17724E+00
   67     0.7708   6.8979  -0.12155E+00   0.11074E-02   0.13853E+00   0.10606E+02   0.17987E+00
   68     0.7862   6.9781  -0.12435E+00   0.10616E-02   0.13849E+00   0.10529E+02   0.18251E+00
   69     0.8017   7.0575  -0.12720E+00   0.10124E-02   0.13844E+00   0.10452E+02   0.18518E+00
   70     0.8174   7.1361  -0.13007E+00   0.95931E-03   0.13838E+00   0.10376E+02   0.18789E+00
   71     0.8332   7.2140  -0.13297E+00   0.90259E-03   0.13833E+00   0.10300E+02   0.19062E+00
   72     0.8491   7.2912  -0.13591E+00   0.84172E-03   0.13827E+00   0.10225E+02   0.19338E+00
   73     0.8652   7.3676  -0.13889E+00   0.77718E-03   0.13820E+00   0.10151E+02   0.19617E+00
   74     0.8814   7.4433  -0.14190E+00   0.70844E-03   0.13813E+00   0.10077E+02   0.19898E+00
   75     0.8977   7.5182  -0.14494E+00   0.63467E-03   0.13806E+00   0.10004E+02   0.20181E+00
   76     0.9142   7.5924  -0.14802E+00   0.55733E-03   0.13798E+00   0.99308E+01   0.20467E+00
   77     0.9309   7.6659  -0.15113E+00   0.47527E-03   0.13790E+00   0.98587E+01   0.20753E+00
   78     0.9477   7.7386  -0.15427E+00   0.38863E-03   0.13781E+00   0.97871E+01   0.21042E+00
   79     0.9646   7.8107  -0.15746E+00   0.29759E-03   0.13772E+00   0.97161E+01   0.21334E+00
   80     0.9817   7.8820  -0.16067E+00   0.20243E-03   0.13763E+00   0.96457E+01   0.21627E+00
   81     0.9989   7.9525  -0.16392E+00   0.10276E-03   0.13753E+00   0.95757E+01   0.21924E+00
   82     1.0163   8.0224  -0.16720E+00  -0.14496E-05   0.13742E+00   0.95064E+01   0.22224E+00
   83     1.0338   8.0915  -0.17052E+00  -0.11083E-03   0.13731E+00   0.94376E+01   0.22524E+00
   84     1.0515   8.1600  -0.17388E+00  -0.22521E-03   0.13720E+00   0.93693E+01   0.22828E+00
   85     1.0693   8.2277  -0.17727E+00  -0.34437E-03   0.13708E+00   0.93016E+01   0.23132E+00
   86     1.0873   8.2947  -0.18070E+00  -0.46824E-03   0.13696E+00   0.92346E+01   0.23439E+00
   87     1.1055   8.3610  -0.18417E+00  -0.59781E-03   0.13683E+00   0.91680E+01   0.23748E+00
   88     1.1238   8.4267  -0.18767E+00  -0.73267E-03   0.13669E+00   0.91020E+01   0.24059E+00
   89     1.1423   8.4916  -0.19120E+00  -0.87202E-03   0.13655E+00   0.90366E+01   0.24373E+00
   90     1.1609   8.5559  -0.19477E+00  -0.10160E-02   0.13641E+00   0.89717E+01   0.24688E+00
   91     1.1797   8.6194  -0.19838E+00  -0.11647E-02   0.13626E+00   0.89074E+01   0.25005E+00
   92     1.1986   8.6823  -0.20202E+00  -0.13195E-02   0.13610E+00   0.88435E+01   0.25323E+00
   93     1.2177   8.7445  -0.20571E+00  -0.14811E-02   0.13594E+00   0.87803E+01   0.25642E+00
   94     1.2370   8.8061  -0.20943E+00  -0.16497E-02   0.13577E+00   0.87176E+01   0.25963E+00
   95     1.2565   8.8669  -0.21320E+00  -0.18251E-02   0.13560E+00   0.86555E+01   0.26285E+00
   96     1.2761   8.9272  -0.21701E+00  -0.20061E-02   0.13542E+00   0.85939E+01   0.26611E+00
   97     1.2959   8.9867  -0.22084E+00  -0.21920E-02   0.13523E+00   0.85328E+01   0.26938E+00
   98     1.3158   9.0456  -0.22472E+00  -0.23837E-02   0.13504E+00   0.84722E+01   0.27267E+00
   99     1.3360   9.1039  -0.22863E+00  -0.25818E-02   0.13484E+00   0.84121E+01   0.27596E+00
  100     1.3563   9.1615  -0.23258E+00  -0.27876E-02   0.13464E+00   0.83525E+01   0.27924E+00
  101     1.3767   9.2185  -0.23658E+00  -0.29999E-02   0.13442E+00   0.82936E+01   0.28254E+00
  102     1.3974   9.2748  -0.24062E+00  -0.32188E-02   0.13420E+00   0.82351E+01   0.28589E+00
  103     1.4183   9.3305  -0.24469E+00  -0.34441E-02   0.13398E+00   0.81772E+01   0.28926E+00
  104     1.4393   9.3856  -0.24880E+00  -0.36759E-02   0.13375E+00   0.81198E+01   0.29264E+00
  105     1.4605   9.4401  -0.25296E+00  -0.39148E-02   0.13351E+00   0.80629E+01   0.29602E+00
  106     1.4819   9.4940  -0.25715E+00  -0.41604E-02   0.13326E+00   0.80065E+01   0.29939E+00
  107     1.5035   9.5472  -0.26139E+00  -0.44136E-02   0.13301E+00   0.79506E+01   0.30277E+00
  108     1.5252   9.5999  -0.26566E+00  -0.46725E-02   0.13275E+00   0.78952E+01   0.30616E+00
  109     1.5472   9.6519  -0.26997E+00  -0.49383E-02   0.13249E+00   0.78403E+01   0.30954E+00
  110     1.5693   9.7034  -0.27432E+00  -0.52113E-02   0.13221E+00   0.77859E+01   0.31293E+00
  111     1.5917   9.7542  -0.27871E+00  -0.54915E-02   0.13193E+00   0.77319E+01   0.31634E+00
  112     1.6142   9.8045  -0.28314E+00  -0.57805E-02   0.13164E+00   0.76785E+01   0.31978E+00
  113     1.6369   9.8542  -0.28762E+00  -0.60785E-02   0.13135E+00   0.76256E+01   0.32320E+00
  114     1.6598   9.9033  -0.29215E+00  -0.63850E-02   0.13104E+00   0.75732E+01   0.32661E+00
  115     1.6830   9.9519  -0.29671E+00  -0.66964E-02   0.13073E+00   0.75214E+01   0.33003E+00
  116     1.7063   9.9999  -0.30131E+00  -0.70124E-02   0.13041E+00   0.74701E+01   0.33347E+00
  117     1.7298  10.0473  -0.30594E+00  -0.73368E-02   0.13009E+00   0.74191E+01   0.33690E+00
  118     1.7536  10.0942  -0.31063E+00  -0.76755E-02   0.12975E+00   0.73685E+01   0.34031E+00
  119     1.7775  10.1405  -0.31539E+00  -0.80277E-02   0.12940E+00   0.73185E+01   0.34369E+00
  120     1.8016  10.1863  -0.32018E+00  -0.83874E-02   0.12904E+00   0.72689E+01   0.34708E+00
  121     1.8260  10.2316  -0.32500E+00  -0.87489E-02   0.12867E+00   0.72199E+01   0.35051E+00
  122     1.8506  10.2763  -0.32985E+00  -0.91160E-02   0.12831E+00   0.71713E+01   0.35392E+00
  123     1.8753  10.3205  -0.33475E+00  -0.94920E-02   0.12793E+00   0.71232E+01   0.35738E+00
  124     1.9003  10.3642  -0.33969E+00  -0.98789E-02   0.12754E+00   0.70755E+01   0.36080E+00
  125     1.9256  10.4073  -0.34469E+00  -0.10277E-01   0.12715E+00   0.70282E+01   0.36419E+00
  126     1.9510  10.4499  -0.34973E+00  -0.10685E-01   0.12674E+00   0.69814E+01   0.36755E+00
  127     1.9766  10.4921  -0.35482E+00  -0.11101E-01   0.12632E+00   0.69352E+01   0.37090E+00
  128     2.0025  10.5337  -0.35995E+00  -0.11525E-01   0.12590E+00   0.68894E+01   0.37428E+00
  129     2.0286  10.5748  -0.36513E+00  -0.11958E-01   0.12547E+00   0.68440E+01   0.37768E+00
  130     2.0550  10.6155  -0.37035E+00  -0.12402E-01   0.12502E+00   0.67991E+01   0.38103E+00
  131     2.0815  10.6556  -0.37562E+00  -0.12856E-01   0.12457E+00   0.67547E+01   0.38427E+00
  132     2.1083  10.6953  -0.38093E+00  -0.13318E-01   0.12411E+00   0.67106E+01   0.38753E+00
  133     2.1353  10.7345  -0.38629E+00  -0.13788E-01   0.12364E+00   0.66670E+01   0.39083E+00
  134     2.1626  10.7732  -0.39169E+00  -0.14269E-01   0.12315E+00   0.66238E+01   0.39415E+00
  135     2.1901  10.8115  -0.39714E+00  -0.14761E-01   0.12266E+00   0.65811E+01   0.39746E+00
  136     2.2178  10.8492  -0.40264E+00  -0.15260E-01   0.12216E+00   0.65391E+01   0.40069E+00
  137     2.2458  10.8866  -0.40819E+00  -0.15770E-01   0.12165E+00   0.64976E+01   0.40390E+00
  138     2.2740  10.9235  -0.41379E+00  -0.16292E-01   0.12113E+00   0.64562E+01   0.40706E+00
  139     2.3025  10.9599  -0.41942E+00  -0.16828E-01   0.12060E+00   0.64148E+01   0.41022E+00
  140     2.3312  10.9959  -0.42511E+00  -0.17376E-01   0.12005E+00   0.63739E+01   0.41338E+00
  141     2.3602  11.0314  -0.43085E+00  -0.17932E-01   0.11949E+00   0.63336E+01   0.41649E+00
  142     2.3894  11.0665  -0.43664E+00  -0.18498E-01   0.11893E+00   0.62938E+01   0.41955E+00
  143     2.4188  11.1012  -0.44248E+00  -0.19073E-01   0.11835E+00   0.62545E+01   0.42259E+00
  144     2.4486  11.1355  -0.44836E+00  -0.19659E-01   0.11777E+00   0.62156E+01   0.42563E+00
  145     2.4785  11.1693  -0.45429E+00  -0.20256E-01   0.11717E+00   0.61771E+01   0.42865E+00
  146     2.5088  11.2027  -0.46027E+00  -0.20865E-01   0.11656E+00   0.61390E+01   0.43162E+00
  147     2.5393  11.2358  -0.46631E+00  -0.21486E-01   0.11594E+00   0.61014E+01   0.43453E+00
  148     2.5701  11.2684  -0.47240E+00  -0.22119E-01   0.11530E+00   0.60641E+01   0.43740E+00
  149     2.6011  11.3006  -0.47854E+00  -0.22762E-01   0.11466E+00   0.60273E+01   0.44023E+00
  150     2.6324  11.3324  -0.48472E+00  -0.23415E-01   0.11401E+00   0.59908E+01   0.44310E+00
  151     2.6640  11.3638  -0.49095E+00  -0.24080E-01   0.11334E+00   0.59548E+01   0.44590E+00
  152     2.6958  11.3948  -0.49724E+00  -0.24758E-01   0.11267E+00   0.59191E+01   0.44863E+00
  153     2.7280  11.4255  -0.50358E+00  -0.25449E-01   0.11197E+00   0.58839E+01   0.45133E+00
  154     2.7604  11.4557  -0.50996E+00  -0.26149E-01   0.11128E+00   0.58490E+01   0.45400E+00
  155     2.7931  11.4856  -0.51639E+00  -0.26860E-01   0.11056E+00   0.58146E+01   0.45661E+00
  156     2.8260  11.5151  -0.52289E+00  -0.27586E-01   0.10984E+00   0.57805E+01   0.45920E+00
  157     2.8593  11.5443  -0.52944E+00  -0.28325E-01   0.10910E+00   0.57469E+01   0.46174E+00
  158     2.8929  11.5731  -0.53604E+00  -0.29076E-01   0.10835E+00   0.57136E+01   0.46425E+00
  159     2.9267  11.6015  -0.54268E+00  -0.29836E-01   0.10759E+00   0.56807E+01   0.46665E+00
  160     2.9608  11.6296  -0.54938E+00  -0.30609E-01   0.10681E+00   0.56483E+01   0.46906E+00
  161     2.9953  11.6573  -0.55614E+00  -0.31398E-01   0.10603E+00   0.56162E+01   0.47145E+00
  162     3.0300  11.6847  -0.56297E+00  -0.32201E-01   0.10522E+00   0.55846E+01   0.47369E+00
  163     3.0651  11.7117  -0.56983E+00  -0.33015E-01   0.10441E+00   0.55532E+01   0.47591E+00
  164     3.1004  11.7384  -0.57675E+00  -0.33841E-01   0.10358E+00   0.55223E+01   0.47812E+00
  165     3.1360  11.7648  -0.58373E+00  -0.34680E-01   0.10274E+00   0.54918E+01   0.48025E+00
  166     3.1720  11.7908  -0.59076E+00  -0.35534E-01   0.10189E+00   0.54617E+01   0.48234E+00
  167     3.2083  11.8165  -0.59786E+00  -0.36403E-01   0.10102E+00   0.54320E+01   0.48433E+00
  168     3.2449  11.8419  -0.60501E+00  -0.37286E-01   0.10014E+00   0.54026E+01   0.48629E+00
  169     3.2818  11.8670  -0.61221E+00  -0.38177E-01   0.99246E-01   0.53737E+01   0.48818E+00
  170     3.3190  11.8918  -0.61946E+00  -0.39083E-01   0.98341E-01   0.53451E+01   0.48997E+00
  171     3.3565  11.9162  -0.62678E+00  -0.40008E-01   0.97415E-01   0.53169E+01   0.49165E+00
  172     3.3944  11.9403  -0.63416E+00  -0.40944E-01   0.96479E-01   0.52891E+01   0.49338E+00
  173     3.4326  11.9642  -0.64157E+00  -0.41889E-01   0.95534E-01   0.52616E+01   0.49504E+00
  174     3.4712  11.9877  -0.64906E+00  -0.42853E-01   0.94571E-01   0.52345E+01   0.49659E+00
  175     3.5100  12.0109  -0.65661E+00  -0.43833E-01   0.93590E-01   0.52079E+01   0.49806E+00
  176     3.5492  12.0339  -0.66422E+00  -0.44826E-01   0.92597E-01   0.51816E+01   0.49950E+00
  177     3.5888  12.0565  -0.67188E+00  -0.45832E-01   0.91592E-01   0.51556E+01   0.50083E+00
  178     3.6287  12.0789  -0.67959E+00  -0.46851E-01   0.90573E-01   0.51301E+01   0.50218E+00
  179     3.6689  12.1010  -0.68737E+00  -0.47886E-01   0.89538E-01   0.51049E+01   0.50339E+00
  180     3.7095  12.1228  -0.69520E+00  -0.48933E-01   0.88491E-01   0.50801E+01   0.50453E+00
  181     3.7505  12.1443  -0.70309E+00  -0.49998E-01   0.87425E-01   0.50557E+01   0.50565E+00
  182     3.7918  12.1656  -0.71106E+00  -0.51080E-01   0.86343E-01   0.50317E+01   0.50663E+00
  183     3.8334  12.1866  -0.71907E+00  -0.52174E-01   0.85250E-01   0.50080E+01   0.50752E+00
  184     3.8754  12.2073  -0.72715E+00  -0.53286E-01   0.84138E-01   0.49847E+01   0.50835E+00
  185     3.9178  12.2277  -0.73530E+00  -0.54415E-01   0.83009E-01   0.49618E+01   0.50918E+00
  186     3.9606  12.2480  -0.74350E+00  -0.55554E-01   0.81869E-01   0.49392E+01   0.50989E+00
  187     4.0037  12.2679  -0.75176E+00  -0.56712E-01   0.80712E-01   0.49170E+01   0.51055E+00
  188     4.0472  12.2876  -0.76009E+00  -0.57888E-01   0.79536E-01   0.48952E+01   0.51115E+00
  189     4.0911  12.3070  -0.76848E+00  -0.59076E-01   0.78348E-01   0.48738E+01   0.51155E+00
  190     4.1353  12.3262  -0.77693E+00  -0.60280E-01   0.77144E-01   0.48527E+01   0.51198E+00
  191     4.1800  12.3452  -0.78544E+00  -0.61500E-01   0.75923E-01   0.48320E+01   0.51232E+00
  192     4.2250  12.3639  -0.79402E+00  -0.62738E-01   0.74685E-01   0.48116E+01   0.51252E+00
  193     4.2705  12.3824  -0.80267E+00  -0.63994E-01   0.73429E-01   0.47917E+01   0.51270E+00
  194     4.3163  12.4006  -0.81137E+00  -0.65264E-01   0.72159E-01   0.47721E+01   0.51278E+00
  195     4.3625  12.4186  -0.82014E+00  -0.66552E-01   0.70871E-01   0.47528E+01   0.51270E+00
  196     4.4091  12.4364  -0.82898E+00  -0.67858E-01   0.69565E-01   0.47339E+01   0.51259E+00
  197     4.4561  12.4539  -0.83788E+00  -0.69179E-01   0.68245E-01   0.47153E+01   0.51245E+00
  198     4.5036  12.4713  -0.84684E+00  -0.70517E-01   0.66907E-01   0.46971E+01   0.51217E+00
  199     4.5514  12.4884  -0.85588E+00  -0.71874E-01   0.65550E-01   0.46793E+01   0.51192E+00
  200     4.5997  12.5053  -0.86498E+00  -0.73249E-01   0.64174E-01   0.46618E+01   0.51145E+00
  201     4.6484  12.5219  -0.87415E+00  -0.74641E-01   0.62783E-01   0.46447E+01   0.51091E+00
  202     4.6975  12.5384  -0.88338E+00  -0.76049E-01   0.61375E-01   0.46279E+01   0.51033E+00
  203     4.7470  12.5547  -0.89267E+00  -0.77474E-01   0.59950E-01   0.46114E+01   0.50967E+00
  204     4.7970  12.5707  -0.90204E+00  -0.78919E-01   0.58505E-01   0.45953E+01   0.50889E+00
  205     4.8474  12.5865  -0.91146E+00  -0.80380E-01   0.57043E-01   0.45795E+01   0.50811E+00
  206     4.8982  12.6022  -0.92097E+00  -0.81862E-01   0.55562E-01   0.45641E+01   0.50716E+00
  207     4.9495  12.6176  -0.93055E+00  -0.83367E-01   0.54057E-01   0.45490E+01   0.50609E+00
  208     5.0012  12.6329  -0.94019E+00  -0.84884E-01   0.52539E-01   0.45342E+01   0.50496E+00
  209     5.0534  12.6479  -0.94990E+00  -0.86422E-01   0.51001E-01   0.45197E+01   0.50381E+00
  210     5.1060  12.6628  -0.95968E+00  -0.87981E-01   0.49443E-01   0.45056E+01   0.50259E+00
  211     5.1591  12.6774  -0.96953E+00  -0.89556E-01   0.47867E-01   0.44918E+01   0.50124E+00
  212     5.2126  12.6919  -0.97946E+00  -0.91153E-01   0.46270E-01   0.44783E+01   0.49986E+00
  213     5.2667  12.7062  -0.98946E+00  -0.92771E-01   0.44653E-01   0.44651E+01   0.49830E+00
  214     5.3211  12.7203  -0.99951E+00  -0.94402E-01   0.43021E-01   0.44522E+01   0.49670E+00
  215     5.3761  12.7342  -0.10096E+01  -0.96056E-01   0.41367E-01   0.44397E+01   0.49501E+00
  216     5.4315  12.7480  -0.10198E+01  -0.97731E-01   0.39692E-01   0.44274E+01   0.49322E+00
  217     5.4874  12.7615  -0.10301E+01  -0.99429E-01   0.37995E-01   0.44154E+01   0.49143E+00
  218     5.5438  12.7749  -0.10405E+01  -0.10114E+00   0.36279E-01   0.44037E+01   0.48947E+00
  219     5.6007  12.7882  -0.10509E+01  -0.10288E+00   0.34539E-01   0.43923E+01   0.48745E+00
  220     5.6581  12.8012  -0.10614E+01  -0.10464E+00   0.32781E-01   0.43812E+01   0.48539E+00
  221     5.7160  12.8141  -0.10720E+01  -0.10642E+00   0.31006E-01   0.43704E+01   0.48331E+00
  222     5.7744  12.8269  -0.10826E+01  -0.10822E+00   0.29206E-01   0.43598E+01   0.48108E+00
  223     5.8333  12.8394  -0.10933E+01  -0.11004E+00   0.27387E-01   0.43496E+01   0.47875E+00
  224     5.8927  12.8518  -0.11041E+01  -0.11188E+00   0.25540E-01   0.43395E+01   0.47632E+00
  225     5.9526  12.8641  -0.11150E+01  -0.11374E+00   0.23679E-01   0.43298E+01   0.47381E+00
  226     6.0131  12.8762  -0.11260E+01  -0.11563E+00   0.21790E-01   0.43203E+01   0.47133E+00
  227     6.0740  12.8881  -0.11370E+01  -0.11754E+00   0.19881E-01   0.43110E+01   0.46877E+00
  228     6.1355  12.8999  -0.11481E+01  -0.11948E+00   0.17946E-01   0.43020E+01   0.46610E+00
  229     6.1976  12.9115  -0.11593E+01  -0.12143E+00   0.15995E-01   0.42933E+01   0.46332E+00
  230     6.2602  12.9230  -0.11705E+01  -0.12341E+00   0.14018E-01   0.42847E+01   0.46058E+00
  231     6.3233  12.9343  -0.11818E+01  -0.12540E+00   0.12023E-01   0.42764E+01   0.45766E+00
  232     6.3869  12.9455  -0.11932E+01  -0.12743E+00   0.99959E-02   0.42684E+01   0.45463E+00
  233     6.4512  12.9565  -0.12047E+01  -0.12948E+00   0.79455E-02   0.42606E+01   0.45157E+00
  234     6.5159  12.9674  -0.12163E+01  -0.13155E+00   0.58757E-02   0.42529E+01   0.44851E+00
  235     6.5813  12.9782  -0.12280E+01  -0.13364E+00   0.37805E-02   0.42455E+01   0.44536E+00
  236     6.6472  12.9888  -0.12397E+01  -0.13577E+00   0.16583E-02   0.42383E+01   0.44220E+00
  237     6.7137  12.9993  -0.12515E+01  -0.13791E+00  -0.48229E-03   0.42313E+01   0.43889E+00
  238     6.7807  13.0097  -0.12634E+01  -0.14007E+00  -0.26436E-02   0.42245E+01   0.43548E+00
  239     6.8484  13.0199  -0.12754E+01  -0.14226E+00  -0.48363E-02   0.42179E+01   0.43214E+00
  240     6.9166  13.0300  -0.12874E+01  -0.14448E+00  -0.70541E-02   0.42115E+01   0.42876E+00
  241     6.9854  13.0399  -0.12995E+01  -0.14672E+00  -0.92959E-02   0.42053E+01   0.42510E+00
  242     7.0549  13.0498  -0.13118E+01  -0.14899E+00  -0.11563E-01   0.41993E+01   0.42156E+00
  243     7.1249  13.0595  -0.13240E+01  -0.15127E+00  -0.13851E-01   0.41934E+01   0.41796E+00
  244     7.1955  13.0690  -0.13364E+01  -0.15359E+00  -0.16168E-01   0.41877E+01   0.41433E+00
  245     7.2668  13.0785  -0.13489E+01  -0.15595E+00  -0.18522E-01   0.41822E+01   0.41051E+00
  246     7.3387  13.0878  -0.13615E+01  -0.15831E+00  -0.20890E-01   0.41769E+01   0.40670E+00
  247     7.4112  13.0970  -0.13741E+01  -0.16070E+00  -0.23281E-01   0.41717E+01   0.40288E+00
  248     7.4843  13.1061  -0.13868E+01  -0.16313E+00  -0.25705E-01   0.41666E+01   0.39904E+00
  249     7.5580  13.1151  -0.13996E+01  -0.16557E+00  -0.28150E-01   0.41617E+01   0.39514E+00
  250     7.6324  13.1240  -0.14125E+01  -0.16805E+00  -0.30628E-01   0.41570E+01   0.39105E+00
  251     7.7075  13.1327  -0.14255E+01  -0.17055E+00  -0.33128E-01   0.41524E+01   0.38710E+00
  252     7.7832  13.1414  -0.14385E+01  -0.17308E+00  -0.35655E-01   0.41479E+01   0.38311E+00
  253     7.8596  13.1499  -0.14517E+01  -0.17563E+00  -0.38209E-01   0.41436E+01   0.37903E+00
  254     7.9366  13.1583  -0.14649E+01  -0.17822E+00  -0.40796E-01   0.41394E+01   0.37487E+00
  255     8.0143  13.1666  -0.14782E+01  -0.18083E+00  -0.43408E-01   0.41353E+01   0.37074E+00
  256     8.0926  13.1748  -0.14917E+01  -0.18347E+00  -0.46051E-01   0.41314E+01   0.36659E+00
  257     8.1717  13.1829  -0.15052E+01  -0.18614E+00  -0.48716E-01   0.41276E+01   0.36245E+00
  258     8.2514  13.1909  -0.15188E+01  -0.18884E+00  -0.51416E-01   0.41239E+01   0.35816E+00
  259     8.3319  13.1988  -0.15324E+01  -0.19156E+00  -0.54137E-01   0.41203E+01   0.35387E+00
  260     8.4130  13.2066  -0.15462E+01  -0.19431E+00  -0.56890E-01   0.41168E+01   0.34950E+00
  261     8.4948  13.2143  -0.15601E+01  -0.19710E+00  -0.59672E-01   0.41134E+01   0.34525E+00
  262     8.5774  13.2219  -0.15740E+01  -0.19991E+00  -0.62490E-01   0.41102E+01   0.34091E+00
  263     8.6606  13.2293  -0.15881E+01  -0.20275E+00  -0.65327E-01   0.41070E+01   0.33652E+00
  264     8.7446  13.2367  -0.16022E+01  -0.20562E+00  -0.68194E-01   0.41039E+01   0.33222E+00
  265     8.8293  13.2440  -0.16164E+01  -0.20851E+00  -0.71089E-01   0.41009E+01   0.32784E+00
  266     8.9148  13.2512  -0.16308E+01  -0.21145E+00  -0.74023E-01   0.40981E+01   0.32324E+00
  267     9.0010  13.2584  -0.16452E+01  -0.21441E+00  -0.76983E-01   0.40953E+01   0.31902E+00
  268     9.0879  13.2654  -0.16597E+01  -0.21739E+00  -0.79971E-01   0.40925E+01   0.31450E+00
  269     9.1756  13.2723  -0.16743E+01  -0.22041E+00  -0.82991E-01   0.40899E+01   0.31021E+00
  270     9.2641  13.2792  -0.16890E+01  -0.22347E+00  -0.86045E-01   0.40874E+01   0.30567E+00
  271     9.3534  13.2859  -0.17037E+01  -0.22653E+00  -0.89104E-01   0.40849E+01   0.30123E+00
  272     9.4434  13.2926  -0.17187E+01  -0.22966E+00  -0.92240E-01   0.40825E+01   0.29691E+00
  273     9.5342  13.2992  -0.17336E+01  -0.23280E+00  -0.95375E-01   0.40802E+01   0.29165E+00
  274     9.6257  13.3056  -0.17487E+01  -0.23598E+00  -0.98561E-01   0.40779E+01   0.28792E+00
  275     9.7181  13.3121  -0.17639E+01  -0.23918E+00  -0.10176E+00   0.40758E+01   0.28352E+00
  276     9.8113  13.3184  -0.17791E+01  -0.24242E+00  -0.10499E+00   0.40737E+01   0.27900E+00
  277     9.9053  13.3246  -0.17945E+01  -0.24569E+00  -0.10826E+00   0.40716E+01   0.27460E+00
  278    10.0001  13.3308  -0.18098E+01  -0.24892E+00  -0.11150E+00   0.40696E+01   0.27022E+00
  279    10.0957  13.3369  -0.18256E+01  -0.25233E+00  -0.11491E+00   0.40677E+01   0.26570E+00
  280    10.1922  13.3429  -0.18413E+01  -0.25570E+00  -0.11827E+00   0.40659E+01   0.26130E+00
  281    10.2895  13.3488  -0.18570E+01  -0.25910E+00  -0.12167E+00   0.40640E+01   0.25709E+00
  282    10.3877  13.3547  -0.18729E+01  -0.26253E+00  -0.12510E+00   0.40623E+01   0.25271E+00
  283    10.4867  13.3605  -0.18889E+01  -0.26599E+00  -0.12857E+00   0.40606E+01   0.24809E+00
  284    10.5865  13.3662  -0.19049E+01  -0.26949E+00  -0.13207E+00   0.40590E+01   0.24374E+00
  285    10.6873  13.3718  -0.19211E+01  -0.27302E+00  -0.13560E+00   0.40574E+01   0.23940E+00
  286    10.7889  13.3774  -0.19374E+01  -0.27660E+00  -0.13917E+00   0.40558E+01   0.23506E+00
  287    10.8914  13.3829  -0.19538E+01  -0.28018E+00  -0.14276E+00   0.40543E+01   0.23076E+00
  288    10.9947  13.3883  -0.19703E+01  -0.28382E+00  -0.14640E+00   0.40529E+01   0.22648E+00
  289    11.0990  13.3936  -0.19868E+01  -0.28749E+00  -0.15006E+00   0.40514E+01   0.22223E+00
  290    11.2042  13.3989  -0.20035E+01  -0.29119E+00  -0.15377E+00   0.40501E+01   0.21803E+00
  291    11.3103  13.4041  -0.20203E+01  -0.29492E+00  -0.15750E+00   0.40488E+01   0.21379E+00
  292    11.4173  13.4093  -0.20372E+01  -0.29869E+00  -0.16127E+00   0.40475E+01   0.20965E+00
  293    11.5253  13.4143  -0.20542E+01  -0.30250E+00  -0.16507E+00   0.40462E+01   0.20552E+00
  294    11.6342  13.4193  -0.20714E+01  -0.30634E+00  -0.16892E+00   0.40450E+01   0.20139E+00
  295    11.7440  13.4243  -0.20886E+01  -0.31021E+00  -0.17279E+00   0.40438E+01   0.19736E+00
  296    11.8548  13.4292  -0.21059E+01  -0.31412E+00  -0.17670E+00   0.40427E+01   0.19330E+00
  297    11.9666  13.4340  -0.21234E+01  -0.31807E+00  -0.18065E+00   0.40416E+01   0.18926E+00
  298    12.0793  13.4388  -0.21409E+01  -0.32205E+00  -0.18463E+00   0.40405E+01   0.18529E+00
  299    12.1930  13.4435  -0.21586E+01  -0.32608E+00  -0.18865E+00   0.40395E+01   0.18138E+00
  300    12.3077  13.4481  -0.21763E+01  -0.33013E+00  -0.19270E+00   0.40385E+01   0.17748E+00
  301    12.4234  13.4527  -0.21942E+01  -0.33422E+00  -0.19680E+00   0.40375E+01   0.17358E+00
  302    12.5401  13.4572  -0.22122E+01  -0.33834E+00  -0.20092E+00   0.40365E+01   0.16975E+00
  303    12.6578  13.4616  -0.22303E+01  -0.34251E+00  -0.20509E+00   0.40356E+01   0.16598E+00
  304    12.7766  13.4660  -0.22485E+01  -0.34671E+00  -0.20929E+00   0.40347E+01   0.16227E+00
  305    12.8963  13.4704  -0.22668E+01  -0.35095E+00  -0.21353E+00   0.40339E+01   0.15857E+00
  306    13.0172  13.4747  -0.22853E+01  -0.35523E+00  -0.21780E+00   0.40330E+01   0.15489E+00
  307    13.1390  13.4789  -0.23038E+01  -0.35954E+00  -0.22212E+00   0.40322E+01   0.15125E+00
  308    13.2619  13.4831  -0.23225E+01  -0.36389E+00  -0.22647E+00   0.40314E+01   0.14771E+00
  309    13.3859  13.4872  -0.23412E+01  -0.36828E+00  -0.23086E+00   0.40306E+01   0.14416E+00
  310    13.5110  13.4913  -0.23601E+01  -0.37270E+00  -0.23528E+00   0.40299E+01   0.14073E+00
  311    13.6372  13.4953  -0.23791E+01  -0.37717E+00  -0.23975E+00   0.40291E+01   0.13729E+00
  312    13.7644  13.4993  -0.23983E+01  -0.38168E+00  -0.24425E+00   0.40284E+01   0.13394E+00
  313    13.8928  13.5032  -0.24175E+01  -0.38622E+00  -0.24879E+00   0.40277E+01   0.13054E+00
  314    14.0223  13.5071  -0.24369E+01  -0.39082E+00  -0.25339E+00   0.40271E+01   0.12726E+00
  315    14.1529  13.5109  -0.24563E+01  -0.39542E+00  -0.25800E+00   0.40264E+01   0.12403E+00
  316    14.2846  13.5146  -0.24760E+01  -0.40009E+00  -0.26266E+00   0.40258E+01   0.12082E+00
  317    14.4175  13.5184  -0.24956E+01  -0.40478E+00  -0.26735E+00   0.40252E+01   0.11764E+00
  318    14.5515  13.5220  -0.25155E+01  -0.40952E+00  -0.27210E+00   0.40246E+01   0.11458E+00
  319    14.6867  13.5257  -0.25354E+01  -0.41430E+00  -0.27687E+00   0.40240E+01   0.11152E+00
  320    14.8231  13.5292  -0.25555E+01  -0.41911E+00  -0.28169E+00   0.40234E+01   0.10854E+00
  321    14.9607  13.5328  -0.25757E+01  -0.42397E+00  -0.28654E+00   0.40229E+01   0.10560E+00
  322    15.0994  13.5363  -0.25960E+01  -0.42886E+00  -0.29144E+00   0.40224E+01   0.10270E+00
  323    15.2394  13.5397  -0.26165E+01  -0.43381E+00  -0.29639E+00   0.40219E+01   0.99841E-01
  324    15.3806  13.5431  -0.26370E+01  -0.43879E+00  -0.30137E+00   0.40213E+01   0.97066E-01
  325    15.5230  13.5464  -0.26577E+01  -0.44382E+00  -0.30639E+00   0.40209E+01   0.94348E-01
  326    15.6666  13.5498  -0.26785E+01  -0.44888E+00  -0.31146E+00   0.40204E+01   0.91606E-01
  327    15.8115  13.5530  -0.26994E+01  -0.45398E+00  -0.31655E+00   0.40199E+01   0.88991E-01
  328    15.9577  13.5562  -0.27205E+01  -0.45913E+00  -0.32171E+00   0.40195E+01   0.86402E-01
  329    16.1051  13.5594  -0.27417E+01  -0.46431E+00  -0.32689E+00   0.40190E+01   0.83825E-01
  330    16.2538  13.5626  -0.27630E+01  -0.46955E+00  -0.33212E+00   0.40186E+01   0.81384E-01
  331    16.4038  13.5657  -0.27845E+01  -0.47482E+00  -0.33740E+00   0.40182E+01   0.78936E-01
  332    16.5551  13.5687  -0.28060E+01  -0.48013E+00  -0.34271E+00   0.40178E+01   0.76532E-01
  333    16.7078  13.5717  -0.28277E+01  -0.48549E+00  -0.34807E+00   0.40174E+01   0.74187E-01
  334    16.8617  13.5747  -0.28495E+01  -0.49089E+00  -0.35347E+00   0.40170E+01   0.71903E-01
  335    17.0170  13.5777  -0.28715E+01  -0.49633E+00  -0.35891E+00   0.40166E+01   0.69657E-01
  336    17.1736  13.5806  -0.28936E+01  -0.50182E+00  -0.36440E+00   0.40163E+01   0.67485E-01
  337    17.3316  13.5835  -0.29158E+01  -0.50735E+00  -0.36993E+00   0.40159E+01   0.65307E-01
  338    17.4910  13.5863  -0.29381E+01  -0.51291E+00  -0.37549E+00   0.40156E+01   0.63244E-01
  339    17.6518  13.5891  -0.29606E+01  -0.51854E+00  -0.38111E+00   0.40153E+01   0.61182E-01
  340    17.8139  13.5918  -0.29832E+01  -0.52420E+00  -0.38678E+00   0.40149E+01   0.59180E-01
  341    17.9775  13.5946  -0.30060E+01  -0.52991E+00  -0.39249E+00   0.40146E+01   0.57228E-01
  342    18.1425  13.5972  -0.30288E+01  -0.53565E+00  -0.39823E+00   0.40143E+01   0.55338E-01
  343    18.3089  13.5999  -0.30519E+01  -0.54145E+00  -0.40403E+00   0.40140E+01   0.53484E-01
  344    18.4768  13.6025  -0.30750E+01  -0.54729E+00  -0.40986E+00   0.40137E+01   0.51655E-01
  345    18.6461  13.6051  -0.30983E+01  -0.55318E+00  -0.41575E+00   0.40134E+01   0.49895E-01
  346    18.8169  13.6077  -0.31217E+01  -0.55910E+00  -0.42168E+00   0.40132E+01   0.48202E-01
  347    18.9892  13.6102  -0.31453E+01  -0.56508E+00  -0.42766E+00   0.40129E+01   0.46503E-01
  348    19.1630  13.6127  -0.31690E+01  -0.57110E+00  -0.43368E+00   0.40126E+01   0.44824E-01
  349    19.3383  13.6151  -0.31928E+01  -0.57718E+00  -0.43976E+00   0.40124E+01   0.43286E-01
  350    19.5151  13.6175  -0.32168E+01  -0.58343E+00  -0.44600E+00   0.40000E+01   0.41717E-01
  351    19.6934  13.6199  -0.32408E+01  -0.58956E+00  -0.45213E+00   0.40000E+01   0.40238E-01
  352    19.8734  13.6223  -0.32651E+01  -0.59578E+00  -0.45836E+00   0.40000E+01   0.38745E-01
  353    20.0548  13.6246  -0.32895E+01  -0.60203E+00  -0.46460E+00   0.40000E+01   0.37351E-01
  354    20.2379  13.6269  -0.33140E+01  -0.60833E+00  -0.47091E+00   0.40000E+01   0.35935E-01
  355    20.4225  13.6292  -0.33387E+01  -0.61467E+00  -0.47725E+00   0.40000E+01   0.34604E-01
  356    20.6088  13.6314  -0.33635E+01  -0.62106E+00  -0.48364E+00   0.40000E+01   0.33285E-01
  357    20.7966  13.6337  -0.33885E+01  -0.62749E+00  -0.49007E+00   0.40000E+01   0.32028E-01
  358    20.9861  13.6358  -0.34136E+01  -0.63399E+00  -0.49656E+00   0.40000E+01   0.30798E-01
  359    21.1773  13.6380  -0.34388E+01  -0.64050E+00  -0.50308E+00   0.40000E+01   0.29625E-01
  360    21.3701  13.6401  -0.34642E+01  -0.64710E+00  -0.50968E+00   0.40000E+01   0.28461E-01
  361    21.5646  13.6422  -0.34897E+01  -0.65374E+00  -0.51631E+00   0.40000E+01   0.27336E-01
  362    21.7607  13.6443  -0.35155E+01  -0.66043E+00  -0.52301E+00   0.40000E+01   0.26252E-01
  363    21.9586  13.6463  -0.35413E+01  -0.66716E+00  -0.52974E+00   0.40000E+01   0.25205E-01
  364    22.1582  13.6484  -0.35672E+01  -0.67392E+00  -0.53650E+00   0.40000E+01   0.24191E-01
  365    22.3596  13.6504  -0.35933E+01  -0.68074E+00  -0.54332E+00   0.40000E+01   0.23208E-01
  366    22.5626  13.6523  -0.36196E+01  -0.68762E+00  -0.55020E+00   0.40000E+01   0.22254E-01
  367    22.7675  13.6543  -0.36460E+01  -0.69454E+00  -0.55712E+00   0.40000E+01   0.21344E-01
  368    22.9741  13.6562  -0.36725E+01  -0.70152E+00  -0.56409E+00   0.40000E+01   0.20456E-01
  369    23.1825  13.6581  -0.36992E+01  -0.70854E+00  -0.57111E+00   0.40000E+01   0.19596E-01
  370    23.3928  13.6600  -0.37261E+01  -0.71562E+00  -0.57820E+00   0.40000E+01   0.18761E-01
  371    23.6049  13.6618  -0.37532E+01  -0.72275E+00  -0.58533E+00   0.40000E+01   0.17963E-01
  372    23.8188  13.6636  -0.37803E+01  -0.72992E+00  -0.59250E+00   0.40000E+01   0.17186E-01
  373    24.0345  13.6654  -0.38076E+01  -0.73715E+00  -0.59973E+00   0.40000E+01   0.16440E-01
  374    24.2522  13.6672  -0.38351E+01  -0.74444E+00  -0.60701E+00   0.40000E+01   0.15719E-01
  375    24.4717  13.6689  -0.38628E+01  -0.75177E+00  -0.61434E+00   0.40000E+01   0.15032E-01
  376    24.6932  13.6707  -0.38905E+01  -0.75915E+00  -0.62172E+00   0.40000E+01   0.14367E-01
  377    24.9166  13.6724  -0.39185E+01  -0.76659E+00  -0.62916E+00   0.40000E+01   0.13713E-01
  378    25.1419  13.6741  -0.39466E+01  -0.77407E+00  -0.63665E+00   0.40000E+01   0.13108E-01
  379    25.3691  13.6757  -0.39749E+01  -0.78162E+00  -0.64419E+00   0.40000E+01   0.12502E-01
  380    25.5984  13.6774  -0.40033E+01  -0.78920E+00  -0.65177E+00   0.40000E+01   0.11935E-01
  381    25.8296  13.6790  -0.40318E+01  -0.79685E+00  -0.65942E+00   0.40000E+01   0.11379E-01
  382    26.0629  13.6806  -0.40606E+01  -0.80454E+00  -0.66712E+00   0.40000E+01   0.10855E-01
  383    26.2982  13.6822  -0.40894E+01  -0.81228E+00  -0.67486E+00   0.40000E+01   0.10340E-01
  384    26.5355  13.6837  -0.41185E+01  -0.82009E+00  -0.68267E+00   0.40000E+01   0.98523E-02
  385    26.7749  13.6853  -0.41477E+01  -0.82794E+00  -0.69052E+00   0.40000E+01   0.93873E-02
  386    27.0164  13.6868  -0.41770E+01  -0.83585E+00  -0.69843E+00   0.40000E+01   0.89337E-02
  387    27.2599  13.6883  -0.42065E+01  -0.84380E+00  -0.70638E+00   0.40000E+01   0.85021E-02
  388    27.5056  13.6898  -0.42362E+01  -0.85181E+00  -0.71439E+00   0.40000E+01   0.80744E-02
  389    27.7534  13.6912  -0.42661E+01  -0.85990E+00  -0.72247E+00   0.40000E+01   0.76906E-02
  390    28.0034  13.6927  -0.42960E+01  -0.86797E+00  -0.73055E+00   0.40000E+01   0.73173E-02
  391    28.2556  13.6941  -0.43262E+01  -0.87619E+00  -0.73876E+00   0.40000E+01   0.69469E-02
  392    28.5099  13.6955  -0.43566E+01  -0.88442E+00  -0.74700E+00   0.40000E+01   0.66031E-02
  393    28.7665  13.6969  -0.43870E+01  -0.89268E+00  -0.75526E+00   0.40000E+01   0.62716E-02
  394    29.0253  13.6982  -0.44177E+01  -0.90104E+00  -0.76362E+00   0.40000E+01   0.59459E-02
  395    29.2863  13.6996  -0.44485E+01  -0.90943E+00  -0.77201E+00   0.40000E+01   0.56426E-02
  396    29.5496  13.7009  -0.44794E+01  -0.91782E+00  -0.78040E+00   0.40000E+01   0.53507E-02
  397    29.8152  13.7022  -0.45106E+01  -0.92638E+00  -0.78895E+00   0.40000E+01   0.50689E-02
  398    30.0831  13.7035  -0.45419E+01  -0.93491E+00  -0.79749E+00   0.40000E+01   0.48087E-02
  399    30.3534  13.7048  -0.45734E+01  -0.94352E+00  -0.80610E+00   0.40000E+01   0.45484E-02
  400    30.6259  13.7061  -0.46050E+01  -0.95219E+00  -0.81477E+00   0.40000E+01   0.43056E-02
