    1     0.0001   0.0015  -0.15259E-04   0.56949E-06   0.87843E-01   0.10717E+02   0.26380E+02
    2     0.0088   0.1269  -0.15219E-02   0.89565E-05   0.87851E-01   0.10651E+02   0.28876E+02
    3     0.0176   0.2519  -0.31721E-02  -0.11364E-04   0.87831E-01   0.10586E+02   0.30506E+02
    4     0.0264   0.3763  -0.49115E-02  -0.46882E-04   0.87796E-01   0.10521E+02   0.31771E+02
    5     0.0353   0.5002  -0.67168E-02  -0.91128E-04   0.87751E-01   0.10457E+02   0.32857E+02
    6     0.0443   0.6235  -0.85725E-02  -0.14087E-03   0.87702E-01   0.10393E+02   0.33813E+02
    7     0.0534   0.7463  -0.10477E-01  -0.19556E-03   0.87647E-01   0.10330E+02   0.34697E+02
    8     0.0626   0.8685  -0.12427E-01  -0.25448E-03   0.87588E-01   0.10267E+02   0.35532E+02
    9     0.0718   0.9902  -0.14422E-01  -0.31763E-03   0.87525E-01   0.10204E+02   0.36346E+02
   10     0.0811   1.1112  -0.16460E-01  -0.38447E-03   0.87458E-01   0.10142E+02   0.37115E+02
   11     0.0905   1.2318  -0.18540E-01  -0.45495E-03   0.87387E-01   0.10080E+02   0.37885E+02
   12     0.1000   1.3517  -0.20661E-01  -0.52832E-03   0.87314E-01   0.10019E+02   0.38642E+02
   13     0.1096   1.4710  -0.22823E-01  -0.60527E-03   0.87237E-01   0.99573E+01   0.39390E+02
   14     0.1192   1.5898  -0.25035E-01  -0.68797E-03   0.87154E-01   0.98965E+01   0.40144E+02
   15     0.1290   1.7079  -0.27277E-01  -0.77131E-03   0.87071E-01   0.98358E+01   0.40877E+02
   16     0.1388   1.8254  -0.29560E-01  -0.85829E-03   0.86984E-01   0.97755E+01   0.41621E+02
   17     0.1487   1.9423  -0.31882E-01  -0.94893E-03   0.86894E-01   0.97155E+01   0.42342E+02
   18     0.1587   2.0586  -0.34245E-01  -0.10429E-02   0.86800E-01   0.96557E+01   0.43079E+02
   19     0.1687   2.1743  -0.36648E-01  -0.11406E-02   0.86702E-01   0.95963E+01   0.43813E+02
   20     0.1789   2.2893  -0.39091E-01  -0.12419E-02   0.86600E-01   0.95372E+01   0.44542E+02
   21     0.1891   2.4037  -0.41575E-01  -0.13473E-02   0.86495E-01   0.94784E+01   0.45271E+02
   22     0.1995   2.5174  -0.44098E-01  -0.14566E-02   0.86386E-01   0.94198E+01   0.46006E+02
   23     0.2099   2.6305  -0.46662E-01  -0.15696E-02   0.86273E-01   0.93616E+01   0.46745E+02
   24     0.2204   2.7429  -0.49253E-01  -0.16825E-02   0.86160E-01   0.93037E+01   0.46875E+02
   25     0.2310   2.8547  -0.51898E-01  -0.18035E-02   0.86039E-01   0.92461E+01   0.48227E+02
   26     0.2417   2.9657  -0.54584E-01  -0.19288E-02   0.85914E-01   0.91888E+01   0.48969E+02
   27     0.2525   3.0761  -0.57311E-01  -0.20585E-02   0.85784E-01   0.91319E+01   0.49717E+02
   28     0.2634   3.1859  -0.60079E-01  -0.21926E-02   0.85650E-01   0.90752E+01   0.50468E+02
   29     0.2744   3.2949  -0.62888E-01  -0.23309E-02   0.85512E-01   0.90189E+01   0.51220E+02
   30     0.2855   3.4033  -0.65739E-01  -0.24742E-02   0.85368E-01   0.89629E+01   0.51976E+02
   31     0.2967   3.5110  -0.68632E-01  -0.26221E-02   0.85220E-01   0.89072E+01   0.52734E+02
   32     0.3079   3.6179  -0.71566E-01  -0.27752E-02   0.85067E-01   0.88518E+01   0.53495E+02
   33     0.3193   3.7242  -0.74542E-01  -0.29330E-02   0.84909E-01   0.87967E+01   0.54261E+02
   34     0.3308   3.8297  -0.77561E-01  -0.30957E-02   0.84747E-01   0.87420E+01   0.55023E+02
   35     0.3423   3.9346  -0.80622E-01  -0.32638E-02   0.84579E-01   0.86876E+01   0.55798E+02
   36     0.3540   4.0387  -0.83726E-01  -0.34375E-02   0.84405E-01   0.86334E+01   0.56567E+02
   37     0.3658   4.1421  -0.86874E-01  -0.36168E-02   0.84226E-01   0.85796E+01   0.57346E+02
   38     0.3777   4.2448  -0.90064E-01  -0.38013E-02   0.84041E-01   0.85262E+01   0.58125E+02
   39     0.3896   4.3467  -0.93298E-01  -0.39914E-02   0.83851E-01   0.84731E+01   0.58903E+02
   40     0.4017   4.4480  -0.96576E-01  -0.41877E-02   0.83655E-01   0.84203E+01   0.59687E+02
   41     0.4139   4.5485  -0.99897E-01  -0.43899E-02   0.83453E-01   0.83678E+01   0.60480E+02
   42     0.4262   4.6482  -0.10326E+00  -0.45980E-02   0.83244E-01   0.83156E+01   0.61267E+02
   43     0.4386   4.7472  -0.10667E+00  -0.48122E-02   0.83030E-01   0.82638E+01   0.62059E+02
   44     0.4511   4.8455  -0.11013E+00  -0.50326E-02   0.82810E-01   0.82123E+01   0.62855E+02
   45     0.4637   4.9431  -0.11363E+00  -0.52597E-02   0.82583E-01   0.81612E+01   0.63655E+02
   46     0.4764   5.0398  -0.11717E+00  -0.54928E-02   0.82350E-01   0.81103E+01   0.64451E+02
   47     0.4893   5.1359  -0.12076E+00  -0.57326E-02   0.82110E-01   0.80599E+01   0.65255E+02
   48     0.5022   5.2312  -0.12440E+00  -0.59793E-02   0.81863E-01   0.80097E+01   0.66054E+02
   49     0.5153   5.3257  -0.12808E+00  -0.62331E-02   0.81609E-01   0.79599E+01   0.66860E+02
   50     0.5285   5.4195  -0.13180E+00  -0.64937E-02   0.81349E-01   0.79104E+01   0.67661E+02
   51     0.5417   5.5125  -0.13558E+00  -0.67615E-02   0.81081E-01   0.78613E+01   0.68475E+02
   52     0.5552   5.6048  -0.13940E+00  -0.70361E-02   0.80806E-01   0.78125E+01   0.69280E+02
   53     0.5687   5.6963  -0.14327E+00  -0.73182E-02   0.80524E-01   0.77640E+01   0.70094E+02
   54     0.5823   5.7871  -0.14718E+00  -0.76070E-02   0.80235E-01   0.77159E+01   0.70906E+02
   55     0.5961   5.8771  -0.15114E+00  -0.79035E-02   0.79939E-01   0.76681E+01   0.71714E+02
   56     0.6099   5.9663  -0.15515E+00  -0.82080E-02   0.79634E-01   0.76206E+01   0.72525E+02
   57     0.6239   6.0548  -0.15920E+00  -0.85202E-02   0.79322E-01   0.75735E+01   0.73332E+02
   58     0.6381   6.1425  -0.16330E+00  -0.88398E-02   0.79003E-01   0.75268E+01   0.74145E+02
   59     0.6523   6.2295  -0.16746E+00  -0.91677E-02   0.78675E-01   0.74804E+01   0.74960E+02
   60     0.6667   6.3157  -0.17166E+00  -0.95036E-02   0.78339E-01   0.74343E+01   0.75772E+02
   61     0.6812   6.4011  -0.17590E+00  -0.98473E-02   0.77995E-01   0.73885E+01   0.76579E+02
   62     0.6958   6.4858  -0.18020E+00  -0.10199E-01   0.77643E-01   0.73432E+01   0.77390E+02
   63     0.7105   6.5697  -0.18455E+00  -0.10560E-01   0.77282E-01   0.72981E+01   0.78201E+02
   64     0.7254   6.6529  -0.18894E+00  -0.10929E-01   0.76914E-01   0.72534E+01   0.79002E+02
   65     0.7404   6.7353  -0.19338E+00  -0.11306E-01   0.76537E-01   0.72090E+01   0.79813E+02
   66     0.7555   6.8170  -0.19788E+00  -0.11692E-01   0.76150E-01   0.71650E+01   0.80615E+02
   67     0.7708   6.8979  -0.20242E+00  -0.12087E-01   0.75756E-01   0.71213E+01   0.81416E+02
   68     0.7862   6.9781  -0.20701E+00  -0.12490E-01   0.75352E-01   0.70780E+01   0.82214E+02
   69     0.8017   7.0575  -0.21165E+00  -0.12903E-01   0.74940E-01   0.70350E+01   0.83009E+02
   70     0.8174   7.1361  -0.21635E+00  -0.13324E-01   0.74518E-01   0.69924E+01   0.83804E+02
   71     0.8332   7.2140  -0.22109E+00  -0.13755E-01   0.74088E-01   0.69501E+01   0.84593E+02
   72     0.8491   7.2912  -0.22588E+00  -0.14195E-01   0.73648E-01   0.69081E+01   0.85381E+02
   73     0.8652   7.3676  -0.23073E+00  -0.14644E-01   0.73199E-01   0.68665E+01   0.86164E+02
   74     0.8814   7.4433  -0.23562E+00  -0.15102E-01   0.72740E-01   0.68252E+01   0.86940E+02
   75     0.8977   7.5182  -0.24057E+00  -0.15571E-01   0.72272E-01   0.67843E+01   0.87714E+02
   76     0.9142   7.5924  -0.24557E+00  -0.16048E-01   0.71794E-01   0.67437E+01   0.88488E+02
   77     0.9309   7.6659  -0.25062E+00  -0.16535E-01   0.71307E-01   0.67035E+01   0.89253E+02
   78     0.9477   7.7386  -0.25572E+00  -0.17032E-01   0.70810E-01   0.66636E+01   0.90017E+02
   79     0.9646   7.8107  -0.26087E+00  -0.17540E-01   0.70303E-01   0.66240E+01   0.90773E+02
   80     0.9817   7.8820  -0.26607E+00  -0.18056E-01   0.69786E-01   0.65848E+01   0.91523E+02
   81     0.9989   7.9525  -0.27133E+00  -0.18583E-01   0.69259E-01   0.65460E+01   0.92269E+02
   82     1.0163   8.0224  -0.27664E+00  -0.19120E-01   0.68722E-01   0.65074E+01   0.93010E+02
   83     1.0338   8.0915  -0.28200E+00  -0.19667E-01   0.68175E-01   0.64692E+01   0.93745E+02
   84     1.0515   8.1600  -0.28741E+00  -0.20224E-01   0.67618E-01   0.64314E+01   0.94478E+02
   85     1.0693   8.2277  -0.29288E+00  -0.20792E-01   0.67050E-01   0.63939E+01   0.95193E+02
   86     1.0873   8.2947  -0.29840E+00  -0.21371E-01   0.66472E-01   0.63567E+01   0.95910E+02
   87     1.1055   8.3610  -0.30397E+00  -0.21960E-01   0.65882E-01   0.63199E+01   0.96616E+02
   88     1.1238   8.4267  -0.30960E+00  -0.22560E-01   0.65282E-01   0.62834E+01   0.97314E+02
   89     1.1423   8.4916  -0.31527E+00  -0.23171E-01   0.64672E-01   0.62473E+01   0.98008E+02
   90     1.1609   8.5559  -0.32101E+00  -0.23793E-01   0.64049E-01   0.62115E+01   0.98690E+02
   91     1.1797   8.6194  -0.32680E+00  -0.24426E-01   0.63416E-01   0.61760E+01   0.99367E+02
   92     1.1986   8.6823  -0.33264E+00  -0.25071E-01   0.62771E-01   0.61409E+01   0.10003E+03
   93     1.2177   8.7445  -0.33854E+00  -0.25727E-01   0.62116E-01   0.61061E+01   0.10068E+03
   94     1.2370   8.8061  -0.34449E+00  -0.26394E-01   0.61448E-01   0.60717E+01   0.10134E+03
   95     1.2565   8.8669  -0.35050E+00  -0.27073E-01   0.60769E-01   0.60376E+01   0.10197E+03
   96     1.2761   8.9272  -0.35657E+00  -0.27764E-01   0.60079E-01   0.60038E+01   0.10260E+03
   97     1.2959   8.9867  -0.36269E+00  -0.28466E-01   0.59376E-01   0.59704E+01   0.10321E+03
   98     1.3158   9.0456  -0.36886E+00  -0.29180E-01   0.58662E-01   0.59373E+01   0.10382E+03
   99     1.3360   9.1039  -0.37509E+00  -0.29907E-01   0.57936E-01   0.59046E+01   0.10441E+03
  100     1.3563   9.1615  -0.38138E+00  -0.30645E-01   0.57198E-01   0.58722E+01   0.10499E+03
  101     1.3767   9.2185  -0.38772E+00  -0.31395E-01   0.56448E-01   0.58401E+01   0.10556E+03
  102     1.3974   9.2748  -0.39412E+00  -0.32157E-01   0.55686E-01   0.58084E+01   0.10612E+03
  103     1.4183   9.3305  -0.40057E+00  -0.32931E-01   0.54912E-01   0.57770E+01   0.10666E+03
  104     1.4393   9.3856  -0.40708E+00  -0.33717E-01   0.54126E-01   0.57459E+01   0.10720E+03
  105     1.4605   9.4401  -0.41365E+00  -0.34515E-01   0.53328E-01   0.57151E+01   0.10772E+03
  106     1.4819   9.4940  -0.42027E+00  -0.35325E-01   0.52517E-01   0.56847E+01   0.10823E+03
  107     1.5035   9.5472  -0.42694E+00  -0.36149E-01   0.51694E-01   0.56546E+01   0.10872E+03
  108     1.5252   9.5999  -0.43368E+00  -0.36984E-01   0.50858E-01   0.56249E+01   0.10920E+03
  109     1.5472   9.6519  -0.44047E+00  -0.37832E-01   0.50010E-01   0.55955E+01   0.10968E+03
  110     1.5693   9.7034  -0.44732E+00  -0.38694E-01   0.49149E-01   0.55664E+01   0.11013E+03
  111     1.5917   9.7542  -0.45422E+00  -0.39568E-01   0.48274E-01   0.55377E+01   0.11057E+03
  112     1.6142   9.8045  -0.46119E+00  -0.40455E-01   0.47387E-01   0.55092E+01   0.11100E+03
  113     1.6369   9.8542  -0.46821E+00  -0.41356E-01   0.46487E-01   0.54811E+01   0.11141E+03
  114     1.6598   9.9033  -0.47529E+00  -0.42271E-01   0.45571E-01   0.54534E+01   0.11181E+03
  115     1.6830   9.9519  -0.48244E+00  -0.43199E-01   0.44643E-01   0.54260E+01   0.11220E+03
  116     1.7063   9.9999  -0.48963E+00  -0.44139E-01   0.43703E-01   0.53989E+01   0.11258E+03
  117     1.7298  10.0473  -0.49688E+00  -0.45092E-01   0.42750E-01   0.53721E+01   0.11294E+03
  118     1.7536  10.0942  -0.50420E+00  -0.46060E-01   0.41782E-01   0.53457E+01   0.11328E+03
  119     1.7775  10.1405  -0.51158E+00  -0.47044E-01   0.40798E-01   0.53196E+01   0.11360E+03
  120     1.8016  10.1863  -0.51902E+00  -0.48041E-01   0.39801E-01   0.52938E+01   0.11391E+03
  121     1.8260  10.2316  -0.52651E+00  -0.49050E-01   0.38793E-01   0.52683E+01   0.11421E+03
  122     1.8506  10.2763  -0.53406E+00  -0.50073E-01   0.37769E-01   0.52432E+01   0.11448E+03
  123     1.8753  10.3205  -0.54168E+00  -0.51112E-01   0.36730E-01   0.52185E+01   0.11473E+03
  124     1.9003  10.3642  -0.54936E+00  -0.52166E-01   0.35677E-01   0.51940E+01   0.11497E+03
  125     1.9256  10.4073  -0.55709E+00  -0.53233E-01   0.34609E-01   0.51699E+01   0.11520E+03
  126     1.9510  10.4499  -0.56489E+00  -0.54315E-01   0.33527E-01   0.51461E+01   0.11541E+03
  127     1.9766  10.4921  -0.57275E+00  -0.55412E-01   0.32431E-01   0.51226E+01   0.11559E+03
  128     2.0025  10.5337  -0.58067E+00  -0.56522E-01   0.31321E-01   0.50995E+01   0.11576E+03
  129     2.0286  10.5748  -0.58864E+00  -0.57647E-01   0.30196E-01   0.50766E+01   0.11592E+03
  130     2.0550  10.6155  -0.59668E+00  -0.58786E-01   0.29056E-01   0.50541E+01   0.11606E+03
  131     2.0815  10.6556  -0.60478E+00  -0.59941E-01   0.27901E-01   0.50319E+01   0.11617E+03
  132     2.1083  10.6953  -0.61294E+00  -0.61111E-01   0.26732E-01   0.50101E+01   0.11627E+03
  133     2.1353  10.7345  -0.62116E+00  -0.62295E-01   0.25548E-01   0.49886E+01   0.11636E+03
  134     2.1626  10.7732  -0.62945E+00  -0.63495E-01   0.24348E-01   0.49673E+01   0.11642E+03
  135     2.1901  10.8115  -0.63779E+00  -0.64709E-01   0.23133E-01   0.49464E+01   0.11647E+03
  136     2.2178  10.8492  -0.64620E+00  -0.65939E-01   0.21903E-01   0.49258E+01   0.11650E+03
  137     2.2458  10.8866  -0.65467E+00  -0.67186E-01   0.20657E-01   0.49056E+01   0.11651E+03
  138     2.2740  10.9235  -0.66321E+00  -0.68447E-01   0.19395E-01   0.48857E+01   0.11651E+03
  139     2.3025  10.9599  -0.67180E+00  -0.69724E-01   0.18118E-01   0.48660E+01   0.11649E+03
  140     2.3312  10.9959  -0.68046E+00  -0.71018E-01   0.16825E-01   0.48467E+01   0.11645E+03
  141     2.3602  11.0314  -0.68919E+00  -0.72329E-01   0.15514E-01   0.48277E+01   0.11638E+03
  142     2.3894  11.0665  -0.69798E+00  -0.73655E-01   0.14188E-01   0.48091E+01   0.11630E+03
  143     2.4188  11.1012  -0.70683E+00  -0.74997E-01   0.12846E-01   0.47907E+01   0.11620E+03
  144     2.4486  11.1355  -0.71575E+00  -0.76355E-01   0.11488E-01   0.47727E+01   0.11609E+03
  145     2.4785  11.1693  -0.72473E+00  -0.77730E-01   0.10113E-01   0.47549E+01   0.11595E+03
  146     2.5088  11.2027  -0.73378E+00  -0.79121E-01   0.87211E-02   0.47375E+01   0.11580E+03
  147     2.5393  11.2358  -0.74288E+00  -0.80529E-01   0.73137E-02   0.47204E+01   0.11563E+03
  148     2.5701  11.2684  -0.75206E+00  -0.81953E-01   0.58891E-02   0.47035E+01   0.11545E+03
  149     2.6011  11.3006  -0.76130E+00  -0.83395E-01   0.44479E-02   0.46870E+01   0.11523E+03
  150     2.6324  11.3324  -0.77060E+00  -0.84852E-01   0.29902E-02   0.46708E+01   0.11501E+03
  151     2.6640  11.3638  -0.77997E+00  -0.86328E-01   0.15144E-02   0.46549E+01   0.11477E+03
  152     2.6958  11.3948  -0.78941E+00  -0.87821E-01   0.21361E-04   0.46393E+01   0.11450E+03
  153     2.7280  11.4255  -0.79891E+00  -0.89331E-01  -0.14890E-02   0.46239E+01   0.11422E+03
  154     2.7604  11.4557  -0.80848E+00  -0.90860E-01  -0.30175E-02   0.46089E+01   0.11392E+03
  155     2.7931  11.4856  -0.81812E+00  -0.92406E-01  -0.45638E-02   0.45941E+01   0.11360E+03
  156     2.8260  11.5151  -0.82782E+00  -0.93970E-01  -0.61273E-02   0.45797E+01   0.11326E+03
  157     2.8593  11.5443  -0.83758E+00  -0.95551E-01  -0.77082E-02   0.45655E+01   0.11291E+03
  158     2.8929  11.5731  -0.84742E+00  -0.97150E-01  -0.93079E-02   0.45516E+01   0.11254E+03
  159     2.9267  11.6015  -0.85733E+00  -0.98768E-01  -0.10926E-01   0.45380E+01   0.11215E+03
  160     2.9608  11.6296  -0.86730E+00  -0.10040E+00  -0.12561E-01   0.45247E+01   0.11175E+03
  161     2.9953  11.6573  -0.87733E+00  -0.10206E+00  -0.14214E-01   0.45117E+01   0.11133E+03
  162     3.0300  11.6847  -0.88744E+00  -0.10373E+00  -0.15887E-01   0.44989E+01   0.11088E+03
  163     3.0651  11.7117  -0.89761E+00  -0.10542E+00  -0.17577E-01   0.44864E+01   0.11043E+03
  164     3.1004  11.7384  -0.90785E+00  -0.10713E+00  -0.19287E-01   0.44741E+01   0.10996E+03
  165     3.1360  11.7648  -0.91816E+00  -0.10886E+00  -0.21016E-01   0.44622E+01   0.10946E+03
  166     3.1720  11.7908  -0.92854E+00  -0.11061E+00  -0.22764E-01   0.44504E+01   0.10896E+03
  167     3.2083  11.8165  -0.93900E+00  -0.11237E+00  -0.24532E-01   0.44390E+01   0.10843E+03
  168     3.2449  11.8419  -0.94952E+00  -0.11416E+00  -0.26319E-01   0.44278E+01   0.10790E+03
  169     3.2818  11.8670  -0.96010E+00  -0.11597E+00  -0.28124E-01   0.44168E+01   0.10734E+03
  170     3.3190  11.8918  -0.97077E+00  -0.11779E+00  -0.29951E-01   0.44061E+01   0.10677E+03
  171     3.3565  11.9162  -0.98150E+00  -0.11964E+00  -0.31799E-01   0.43957E+01   0.10618E+03
  172     3.3944  11.9403  -0.99229E+00  -0.12151E+00  -0.33663E-01   0.43855E+01   0.10558E+03
  173     3.4326  11.9642  -0.10032E+01  -0.12339E+00  -0.35548E-01   0.43755E+01   0.10496E+03
  174     3.4712  11.9877  -0.10141E+01  -0.12530E+00  -0.37454E-01   0.43657E+01   0.10433E+03
  175     3.5100  12.0109  -0.10251E+01  -0.12722E+00  -0.39380E-01   0.43562E+01   0.10368E+03
  176     3.5492  12.0339  -0.10362E+01  -0.12917E+00  -0.41326E-01   0.43469E+01   0.10302E+03
  177     3.5888  12.0565  -0.10474E+01  -0.13114E+00  -0.43294E-01   0.43378E+01   0.10234E+03
  178     3.6287  12.0789  -0.10586E+01  -0.13312E+00  -0.45281E-01   0.43290E+01   0.10166E+03
  179     3.6689  12.1010  -0.10699E+01  -0.13513E+00  -0.47290E-01   0.43204E+01   0.10097E+03
  180     3.7095  12.1228  -0.10813E+01  -0.13716E+00  -0.49320E-01   0.43120E+01   0.10025E+03
  181     3.7505  12.1443  -0.10927E+01  -0.13921E+00  -0.51369E-01   0.43038E+01   0.99531E+02
  182     3.7918  12.1656  -0.11042E+01  -0.14129E+00  -0.53443E-01   0.42958E+01   0.98791E+02
  183     3.8334  12.1866  -0.11158E+01  -0.14338E+00  -0.55538E-01   0.42879E+01   0.98042E+02
  184     3.8754  12.2073  -0.11275E+01  -0.14550E+00  -0.57654E-01   0.42803E+01   0.97277E+02
  185     3.9178  12.2277  -0.11392E+01  -0.14763E+00  -0.59791E-01   0.42729E+01   0.96503E+02
  186     3.9606  12.2480  -0.11510E+01  -0.14979E+00  -0.61951E-01   0.42656E+01   0.95715E+02
  187     4.0037  12.2679  -0.11629E+01  -0.15198E+00  -0.64134E-01   0.42586E+01   0.94915E+02
  188     4.0472  12.2876  -0.11749E+01  -0.15418E+00  -0.66337E-01   0.42517E+01   0.94111E+02
  189     4.0911  12.3070  -0.11869E+01  -0.15641E+00  -0.68563E-01   0.42450E+01   0.93289E+02
  190     4.1353  12.3262  -0.11990E+01  -0.15866E+00  -0.70813E-01   0.42385E+01   0.92466E+02
  191     4.1800  12.3452  -0.12112E+01  -0.16093E+00  -0.73083E-01   0.42321E+01   0.91632E+02
  192     4.2250  12.3639  -0.12234E+01  -0.16322E+00  -0.75376E-01   0.42260E+01   0.90784E+02
  193     4.2705  12.3824  -0.12358E+01  -0.16553E+00  -0.77692E-01   0.42199E+01   0.89935E+02
  194     4.3163  12.4006  -0.12482E+01  -0.16787E+00  -0.80032E-01   0.42141E+01   0.89076E+02
  195     4.3625  12.4186  -0.12607E+01  -0.17024E+00  -0.82396E-01   0.42084E+01   0.88201E+02
  196     4.4091  12.4364  -0.12732E+01  -0.17263E+00  -0.84783E-01   0.42028E+01   0.87320E+02
  197     4.4561  12.4539  -0.12859E+01  -0.17504E+00  -0.87194E-01   0.41974E+01   0.86441E+02
  198     4.5036  12.4713  -0.12986E+01  -0.17747E+00  -0.89630E-01   0.41922E+01   0.85544E+02
  199     4.5514  12.4884  -0.13114E+01  -0.17993E+00  -0.92089E-01   0.41871E+01   0.84646E+02
  200     4.5997  12.5053  -0.13243E+01  -0.18241E+00  -0.94572E-01   0.41821E+01   0.83732E+02
  201     4.6484  12.5219  -0.13372E+01  -0.18492E+00  -0.97077E-01   0.41773E+01   0.82813E+02
  202     4.6975  12.5384  -0.13503E+01  -0.18745E+00  -0.99608E-01   0.41726E+01   0.81886E+02
  203     4.7470  12.5547  -0.13634E+01  -0.19000E+00  -0.10216E+00   0.41680E+01   0.80960E+02
  204     4.7970  12.5707  -0.13766E+01  -0.19258E+00  -0.10474E+00   0.41635E+01   0.80031E+02
  205     4.8474  12.5865  -0.13898E+01  -0.19518E+00  -0.10734E+00   0.41592E+01   0.79104E+02
  206     4.8982  12.6022  -0.14032E+01  -0.19781E+00  -0.10997E+00   0.41550E+01   0.78167E+02
  207     4.9495  12.6176  -0.14166E+01  -0.20046E+00  -0.11262E+00   0.41509E+01   0.77229E+02
  208     5.0012  12.6329  -0.14301E+01  -0.20314E+00  -0.11530E+00   0.41469E+01   0.76282E+02
  209     5.0534  12.6479  -0.14437E+01  -0.20585E+00  -0.11800E+00   0.41430E+01   0.75337E+02
  210     5.1060  12.6628  -0.14574E+01  -0.20858E+00  -0.12073E+00   0.41392E+01   0.74392E+02
  211     5.1591  12.6774  -0.14711E+01  -0.21133E+00  -0.12349E+00   0.41356E+01   0.73438E+02
  212     5.2126  12.6919  -0.14849E+01  -0.21411E+00  -0.12627E+00   0.41320E+01   0.72487E+02
  213     5.2667  12.7062  -0.14989E+01  -0.21692E+00  -0.12908E+00   0.41285E+01   0.71520E+02
  214     5.3211  12.7203  -0.15129E+01  -0.21975E+00  -0.13191E+00   0.41252E+01   0.70561E+02
  215     5.3761  12.7342  -0.15269E+01  -0.22261E+00  -0.13477E+00   0.41219E+01   0.69594E+02
  216     5.4315  12.7480  -0.15411E+01  -0.22550E+00  -0.13765E+00   0.41187E+01   0.68637E+02
  217     5.4874  12.7615  -0.15553E+01  -0.22840E+00  -0.14056E+00   0.41156E+01   0.67677E+02
  218     5.5438  12.7749  -0.15696E+01  -0.23134E+00  -0.14350E+00   0.41126E+01   0.66716E+02
  219     5.6007  12.7882  -0.15840E+01  -0.23430E+00  -0.14646E+00   0.41097E+01   0.65759E+02
  220     5.6581  12.8012  -0.15985E+01  -0.23729E+00  -0.14945E+00   0.41068E+01   0.64795E+02
  221     5.7160  12.8141  -0.16131E+01  -0.24031E+00  -0.15247E+00   0.41041E+01   0.63844E+02
  222     5.7744  12.8269  -0.16278E+01  -0.24335E+00  -0.15551E+00   0.41014E+01   0.62887E+02
  223     5.8333  12.8394  -0.16425E+01  -0.24643E+00  -0.15858E+00   0.40988E+01   0.61937E+02
  224     5.8927  12.8518  -0.16573E+01  -0.24953E+00  -0.16168E+00   0.40963E+01   0.60980E+02
  225     5.9526  12.8641  -0.16723E+01  -0.25265E+00  -0.16481E+00   0.40938E+01   0.60037E+02
  226     6.0131  12.8762  -0.16872E+01  -0.25581E+00  -0.16796E+00   0.40914E+01   0.59081E+02
  227     6.0740  12.8881  -0.17023E+01  -0.25899E+00  -0.17114E+00   0.40891E+01   0.58139E+02
  228     6.1355  12.8999  -0.17175E+01  -0.26220E+00  -0.17435E+00   0.40868E+01   0.57197E+02
  229     6.1976  12.9115  -0.17328E+01  -0.26543E+00  -0.17759E+00   0.40846E+01   0.56250E+02
  230     6.2602  12.9230  -0.17481E+01  -0.26870E+00  -0.18086E+00   0.40825E+01   0.55321E+02
  231     6.3233  12.9343  -0.17635E+01  -0.27199E+00  -0.18415E+00   0.40804E+01   0.54386E+02
  232     6.3869  12.9455  -0.17791E+01  -0.27532E+00  -0.18747E+00   0.40784E+01   0.53460E+02
  233     6.4512  12.9565  -0.17947E+01  -0.27867E+00  -0.19082E+00   0.40764E+01   0.52537E+02
  234     6.5159  12.9674  -0.18104E+01  -0.28204E+00  -0.19420E+00   0.40745E+01   0.51622E+02
  235     6.5813  12.9782  -0.18261E+01  -0.28545E+00  -0.19761E+00   0.40726E+01   0.50708E+02
  236     6.6472  12.9888  -0.18420E+01  -0.28889E+00  -0.20104E+00   0.40708E+01   0.49806E+02
  237     6.7137  12.9993  -0.18580E+01  -0.29235E+00  -0.20451E+00   0.40691E+01   0.48910E+02
  238     6.7807  13.0097  -0.18740E+01  -0.29585E+00  -0.20801E+00   0.40674E+01   0.48014E+02
  239     6.8484  13.0199  -0.18902E+01  -0.29937E+00  -0.21153E+00   0.40657E+01   0.47123E+02
  240     6.9166  13.0300  -0.19064E+01  -0.30292E+00  -0.21508E+00   0.40641E+01   0.46251E+02
  241     6.9854  13.0399  -0.19227E+01  -0.30651E+00  -0.21867E+00   0.40625E+01   0.45367E+02
  242     7.0549  13.0498  -0.19391E+01  -0.31012E+00  -0.22228E+00   0.40610E+01   0.44502E+02
  243     7.1249  13.0595  -0.19556E+01  -0.31376E+00  -0.22592E+00   0.40595E+01   0.43638E+02
  244     7.1955  13.0690  -0.19722E+01  -0.31744E+00  -0.22960E+00   0.40580E+01   0.42791E+02
  245     7.2668  13.0785  -0.19889E+01  -0.32114E+00  -0.23330E+00   0.40566E+01   0.41938E+02
  246     7.3387  13.0878  -0.20057E+01  -0.32487E+00  -0.23703E+00   0.40553E+01   0.41103E+02
  247     7.4112  13.0970  -0.20226E+01  -0.32864E+00  -0.24079E+00   0.40539E+01   0.40275E+02
  248     7.4843  13.1061  -0.20395E+01  -0.33243E+00  -0.24459E+00   0.40527E+01   0.39448E+02
  249     7.5580  13.1151  -0.20566E+01  -0.33625E+00  -0.24841E+00   0.40514E+01   0.38638E+02
  250     7.6324  13.1240  -0.20737E+01  -0.34011E+00  -0.25227E+00   0.40502E+01   0.37826E+02
  251     7.7075  13.1327  -0.20910E+01  -0.34400E+00  -0.25615E+00   0.40490E+01   0.37025E+02
  252     7.7832  13.1414  -0.21083E+01  -0.34791E+00  -0.26007E+00   0.40478E+01   0.36243E+02
  253     7.8596  13.1499  -0.21258E+01  -0.35186E+00  -0.26402E+00   0.40467E+01   0.35458E+02
  254     7.9366  13.1583  -0.21433E+01  -0.35584E+00  -0.26800E+00   0.40456E+01   0.34687E+02
  255     8.0143  13.1666  -0.21609E+01  -0.35985E+00  -0.27201E+00   0.40445E+01   0.33930E+02
  256     8.0926  13.1748  -0.21786E+01  -0.36389E+00  -0.27605E+00   0.40435E+01   0.33180E+02
  257     8.1717  13.1829  -0.21965E+01  -0.36797E+00  -0.28012E+00   0.40425E+01   0.32434E+02
  258     8.2514  13.1909  -0.22144E+01  -0.37207E+00  -0.28423E+00   0.40415E+01   0.31703E+02
  259     8.3319  13.1988  -0.22324E+01  -0.37621E+00  -0.28837E+00   0.40405E+01   0.30977E+02
  260     8.4130  13.2066  -0.22505E+01  -0.38038E+00  -0.29254E+00   0.40396E+01   0.30258E+02
  261     8.4948  13.2143  -0.22687E+01  -0.38459E+00  -0.29674E+00   0.40387E+01   0.29552E+02
  262     8.5774  13.2219  -0.22870E+01  -0.38882E+00  -0.30098E+00   0.40378E+01   0.28859E+02
  263     8.6606  13.2293  -0.23054E+01  -0.39309E+00  -0.30524E+00   0.40369E+01   0.28168E+02
  264     8.7446  13.2367  -0.23239E+01  -0.39739E+00  -0.30954E+00   0.40361E+01   0.27497E+02
  265     8.8293  13.2440  -0.23425E+01  -0.40172E+00  -0.31387E+00   0.40353E+01   0.26827E+02
  266     8.9148  13.2512  -0.23612E+01  -0.40609E+00  -0.31825E+00   0.40345E+01   0.26177E+02
  267     9.0010  13.2584  -0.23800E+01  -0.41048E+00  -0.32264E+00   0.40337E+01   0.25530E+02
  268     9.0879  13.2654  -0.23989E+01  -0.41492E+00  -0.32707E+00   0.40330E+01   0.24905E+02
  269     9.1756  13.2723  -0.24179E+01  -0.41938E+00  -0.33154E+00   0.40322E+01   0.24206E+02
  270     9.2641  13.2792  -0.24370E+01  -0.42388E+00  -0.33604E+00   0.40315E+01   0.23652E+02
  271     9.3534  13.2859  -0.24563E+01  -0.42841E+00  -0.34057E+00   0.40308E+01   0.23045E+02
  272     9.4434  13.2926  -0.24755E+01  -0.43297E+00  -0.34513E+00   0.40301E+01   0.22451E+02
  273     9.5342  13.2992  -0.24949E+01  -0.43756E+00  -0.34971E+00   0.40295E+01   0.21865E+02
  274     9.6257  13.3056  -0.25145E+01  -0.44222E+00  -0.35438E+00   0.40288E+01   0.21287E+02
  275     9.7181  13.3121  -0.25341E+01  -0.44689E+00  -0.35905E+00   0.40282E+01   0.20713E+02
  276     9.8113  13.3184  -0.25538E+01  -0.45159E+00  -0.36375E+00   0.40276E+01   0.20191E+02
  277     9.9053  13.3246  -0.25737E+01  -0.45633E+00  -0.36849E+00   0.40270E+01   0.19623E+02
  278    10.0001  13.3308  -0.25936E+01  -0.46111E+00  -0.37327E+00   0.40264E+01   0.19086E+02
  279    10.0957  13.3369  -0.26137E+01  -0.46591E+00  -0.37807E+00   0.40258E+01   0.18563E+02
  280    10.1922  13.3429  -0.26338E+01  -0.47076E+00  -0.38292E+00   0.40253E+01   0.18043E+02
  281    10.2895  13.3488  -0.26541E+01  -0.47564E+00  -0.38780E+00   0.40247E+01   0.17536E+02
  282    10.3877  13.3547  -0.26744E+01  -0.48055E+00  -0.39271E+00   0.40242E+01   0.17041E+02
  283    10.4867  13.3605  -0.26949E+01  -0.48550E+00  -0.39766E+00   0.40237E+01   0.16554E+02
  284    10.5865  13.3662  -0.27155E+01  -0.49049E+00  -0.40264E+00   0.40232E+01   0.16082E+02
  285    10.6873  13.3718  -0.27361E+01  -0.49551E+00  -0.40766E+00   0.40227E+01   0.15613E+02
  286    10.7889  13.3774  -0.27569E+01  -0.50056E+00  -0.41272E+00   0.40222E+01   0.15155E+02
  287    10.8914  13.3829  -0.27778E+01  -0.50566E+00  -0.41782E+00   0.40218E+01   0.14712E+02
  288    10.9947  13.3883  -0.27988E+01  -0.51079E+00  -0.42294E+00   0.40213E+01   0.14273E+02
  289    11.0990  13.3936  -0.28200E+01  -0.51595E+00  -0.42811E+00   0.40209E+01   0.13847E+02
  290    11.2042  13.3989  -0.28412E+01  -0.52116E+00  -0.43332E+00   0.40205E+01   0.13425E+02
  291    11.3103  13.4041  -0.28625E+01  -0.52639E+00  -0.43855E+00   0.40200E+01   0.13017E+02
  292    11.4173  13.4093  -0.28840E+01  -0.53167E+00  -0.44383E+00   0.40196E+01   0.12619E+02
  293    11.5253  13.4143  -0.29055E+01  -0.53699E+00  -0.44915E+00   0.40192E+01   0.12225E+02
  294    11.6342  13.4193  -0.29272E+01  -0.54234E+00  -0.45450E+00   0.40188E+01   0.11845E+02
  295    11.7440  13.4243  -0.29490E+01  -0.54773E+00  -0.45988E+00   0.40185E+01   0.11472E+02
  296    11.8548  13.4292  -0.29709E+01  -0.55315E+00  -0.46531E+00   0.40181E+01   0.11107E+02
  297    11.9666  13.4340  -0.29929E+01  -0.55862E+00  -0.47078E+00   0.40177E+01   0.10749E+02
  298    12.0793  13.4388  -0.30151E+01  -0.56412E+00  -0.47628E+00   0.40174E+01   0.10403E+02
  299    12.1930  13.4435  -0.30373E+01  -0.56966E+00  -0.48182E+00   0.40170E+01   0.10065E+02
  300    12.3077  13.4481  -0.30596E+01  -0.57524E+00  -0.48739E+00   0.40167E+01   0.97343E+01
  301    12.4234  13.4527  -0.30821E+01  -0.58085E+00  -0.49301E+00   0.40164E+01   0.94125E+01
  302    12.5401  13.4572  -0.31047E+01  -0.58651E+00  -0.49866E+00   0.40160E+01   0.90998E+01
  303    12.6578  13.4616  -0.31274E+01  -0.59220E+00  -0.50436E+00   0.40157E+01   0.87941E+01
  304    12.7766  13.4660  -0.31503E+01  -0.59794E+00  -0.51010E+00   0.40154E+01   0.84958E+01
  305    12.8963  13.4704  -0.31732E+01  -0.60371E+00  -0.51587E+00   0.40151E+01   0.82053E+01
  306    13.0172  13.4747  -0.31963E+01  -0.60952E+00  -0.52168E+00   0.40148E+01   0.79239E+01
  307    13.1390  13.4789  -0.32194E+01  -0.61537E+00  -0.52752E+00   0.40145E+01   0.76483E+01
  308    13.2619  13.4831  -0.32427E+01  -0.62126E+00  -0.53341E+00   0.40143E+01   0.73809E+01
  309    13.3859  13.4872  -0.32661E+01  -0.62719E+00  -0.53935E+00   0.40140E+01   0.71220E+01
  310    13.5110  13.4913  -0.32897E+01  -0.63316E+00  -0.54532E+00   0.40137E+01   0.68704E+01
  311    13.6372  13.4953  -0.33133E+01  -0.63917E+00  -0.55133E+00   0.40135E+01   0.66254E+01
  312    13.7644  13.4993  -0.33371E+01  -0.64522E+00  -0.55738E+00   0.40132E+01   0.63880E+01
  313    13.8928  13.5032  -0.33610E+01  -0.65131E+00  -0.56347E+00   0.40130E+01   0.61542E+01
  314    14.0223  13.5071  -0.33851E+01  -0.65745E+00  -0.56961E+00   0.40127E+01   0.59299E+01
  315    14.1529  13.5109  -0.34092E+01  -0.66362E+00  -0.57578E+00   0.40125E+01   0.57115E+01
  316    14.2846  13.5146  -0.34335E+01  -0.66983E+00  -0.58199E+00   0.40122E+01   0.55001E+01
  317    14.4175  13.5184  -0.34579E+01  -0.67609E+00  -0.58825E+00   0.40120E+01   0.52928E+01
  318    14.5515  13.5220  -0.34824E+01  -0.68239E+00  -0.59455E+00   0.40118E+01   0.50938E+01
  319    14.6867  13.5257  -0.35071E+01  -0.68873E+00  -0.60089E+00   0.40116E+01   0.49022E+01
  320    14.8231  13.5292  -0.35318E+01  -0.69510E+00  -0.60726E+00   0.40114E+01   0.47133E+01
  321    14.9607  13.5328  -0.35567E+01  -0.70153E+00  -0.61369E+00   0.40112E+01   0.45317E+01
  322    15.0994  13.5363  -0.35817E+01  -0.70800E+00  -0.62016E+00   0.40110E+01   0.43552E+01
  323    15.2394  13.5397  -0.36069E+01  -0.71450E+00  -0.62666E+00   0.40108E+01   0.41858E+01
  324    15.3806  13.5431  -0.36322E+01  -0.72105E+00  -0.63321E+00   0.40106E+01   0.40197E+01
  325    15.5230  13.5464  -0.36576E+01  -0.72764E+00  -0.63980E+00   0.40104E+01   0.38614E+01
  326    15.6666  13.5498  -0.36831E+01  -0.73428E+00  -0.64643E+00   0.40102E+01   0.37066E+01
  327    15.8115  13.5530  -0.37088E+01  -0.74095E+00  -0.65311E+00   0.40100E+01   0.35583E+01
  328    15.9577  13.5562  -0.37346E+01  -0.74768E+00  -0.65984E+00   0.40098E+01   0.34143E+01
  329    16.1051  13.5594  -0.37605E+01  -0.75445E+00  -0.66661E+00   0.40097E+01   0.32747E+01
  330    16.2538  13.5626  -0.37866E+01  -0.76125E+00  -0.67341E+00   0.40095E+01   0.31403E+01
  331    16.4038  13.5657  -0.38128E+01  -0.76811E+00  -0.68027E+00   0.40093E+01   0.30112E+01
  332    16.5551  13.5687  -0.38391E+01  -0.77501E+00  -0.68717E+00   0.40092E+01   0.28849E+01
  333    16.7078  13.5717  -0.38656E+01  -0.78195E+00  -0.69411E+00   0.40090E+01   0.27637E+01
  334    16.8617  13.5747  -0.38922E+01  -0.78894E+00  -0.70110E+00   0.40088E+01   0.26467E+01
  335    17.0170  13.5777  -0.39189E+01  -0.79597E+00  -0.70813E+00   0.40087E+01   0.25340E+01
  336    17.1736  13.5806  -0.39458E+01  -0.80305E+00  -0.71521E+00   0.40085E+01   0.24260E+01
  337    17.3316  13.5835  -0.39727E+01  -0.81017E+00  -0.72232E+00   0.40084E+01   0.23204E+01
  338    17.4910  13.5863  -0.39999E+01  -0.81734E+00  -0.72950E+00   0.40083E+01   0.22195E+01
  339    17.6518  13.5891  -0.40272E+01  -0.82455E+00  -0.73671E+00   0.40081E+01   0.21231E+01
  340    17.8139  13.5918  -0.40546E+01  -0.83181E+00  -0.74397E+00   0.40080E+01   0.20285E+01
  341    17.9775  13.5946  -0.40821E+01  -0.83912E+00  -0.75128E+00   0.40078E+01   0.19386E+01
  342    18.1425  13.5972  -0.41098E+01  -0.84647E+00  -0.75863E+00   0.40077E+01   0.18520E+01
  343    18.3089  13.5999  -0.41376E+01  -0.85387E+00  -0.76602E+00   0.40076E+01   0.17690E+01
  344    18.4768  13.6025  -0.41656E+01  -0.86132E+00  -0.77348E+00   0.40075E+01   0.16884E+01
  345    18.6461  13.6051  -0.41937E+01  -0.86881E+00  -0.78097E+00   0.40073E+01   0.16120E+01
  346    18.8169  13.6077  -0.42219E+01  -0.87633E+00  -0.78848E+00   0.40072E+01   0.15381E+01
  347    18.9892  13.6102  -0.42504E+01  -0.88393E+00  -0.79609E+00   0.40071E+01   0.14647E+01
  348    19.1630  13.6127  -0.42789E+01  -0.89158E+00  -0.80373E+00   0.40070E+01   0.13982E+01
  349    19.3383  13.6151  -0.43076E+01  -0.89926E+00  -0.81142E+00   0.40069E+01   0.13328E+01
  350    19.5151  13.6175  -0.43364E+01  -0.90696E+00  -0.81912E+00   0.40068E+01   0.12695E+01
  351    19.6934  13.6199  -0.43654E+01  -0.91477E+00  -0.82693E+00   0.40066E+01   0.12095E+01
  352    19.8734  13.6223  -0.43945E+01  -0.92260E+00  -0.83476E+00   0.40065E+01   0.11529E+01
  353    20.0548  13.6246  -0.44238E+01  -0.93048E+00  -0.84263E+00   0.40064E+01   0.10955E+01
  354    20.2379  13.6269  -0.44533E+01  -0.93842E+00  -0.85058E+00   0.40063E+01   0.10426E+01
  355    20.4225  13.6292  -0.44828E+01  -0.94638E+00  -0.85854E+00   0.40062E+01   0.99155E+00
  356    20.6088  13.6314  -0.45125E+01  -0.95440E+00  -0.86656E+00   0.40061E+01   0.94236E+00
  357    20.7966  13.6337  -0.45423E+01  -0.96247E+00  -0.87463E+00   0.40060E+01   0.89616E+00
  358    20.9861  13.6358  -0.45724E+01  -0.97060E+00  -0.88276E+00   0.40059E+01   0.85157E+00
  359    21.1773  13.6380  -0.46025E+01  -0.97885E+00  -0.89100E+00   0.40000E+01   0.80912E+00
  360    21.3701  13.6401  -0.46328E+01  -0.98706E+00  -0.89922E+00   0.40000E+01   0.76816E+00
  361    21.5646  13.6422  -0.46633E+01  -0.99534E+00  -0.90750E+00   0.40000E+01   0.72883E+00
  362    21.7607  13.6443  -0.46939E+01  -0.10037E+01  -0.91583E+00   0.40000E+01   0.69190E+00
  363    21.9586  13.6463  -0.47247E+01  -0.10120E+01  -0.92420E+00   0.40000E+01   0.65628E+00
  364    22.1582  13.6484  -0.47556E+01  -0.10205E+01  -0.93263E+00   0.40000E+01   0.62208E+00
  365    22.3596  13.6504  -0.47867E+01  -0.10290E+01  -0.94111E+00   0.40000E+01   0.58973E+00
  366    22.5626  13.6523  -0.48179E+01  -0.10375E+01  -0.94965E+00   0.40000E+01   0.55854E+00
  367    22.7675  13.6543  -0.48493E+01  -0.10461E+01  -0.95824E+00   0.40000E+01   0.52923E+00
  368    22.9741  13.6562  -0.48809E+01  -0.10547E+01  -0.96687E+00   0.40000E+01   0.50110E+00
  369    23.1825  13.6581  -0.49126E+01  -0.10634E+01  -0.97556E+00   0.40000E+01   0.47420E+00
  370    23.3928  13.6600  -0.49445E+01  -0.10721E+01  -0.98430E+00   0.40000E+01   0.44860E+00
  371    23.6049  13.6618  -0.49765E+01  -0.10809E+01  -0.99310E+00   0.40000E+01   0.42432E+00
  372    23.8188  13.6636  -0.50087E+01  -0.10898E+01  -0.10019E+01   0.40000E+01   0.40109E+00
  373    24.0345  13.6654  -0.50410E+01  -0.10987E+01  -0.10109E+01   0.40000E+01   0.37906E+00
  374    24.2522  13.6672  -0.50735E+01  -0.11077E+01  -0.10198E+01   0.40000E+01   0.35804E+00
  375    24.4717  13.6689  -0.51062E+01  -0.11167E+01  -0.10288E+01   0.40000E+01   0.33810E+00
  376    24.6932  13.6707  -0.51390E+01  -0.11257E+01  -0.10379E+01   0.40000E+01   0.31915E+00
  377    24.9166  13.6724  -0.51720E+01  -0.11349E+01  -0.10470E+01   0.40000E+01   0.30117E+00
  378    25.1419  13.6741  -0.52052E+01  -0.11440E+01  -0.10562E+01   0.40000E+01   0.28426E+00
  379    25.3691  13.6757  -0.52385E+01  -0.11533E+01  -0.10654E+01   0.40000E+01   0.26778E+00
  380    25.5984  13.6774  -0.52720E+01  -0.11625E+01  -0.10747E+01   0.40000E+01   0.25254E+00
  381    25.8296  13.6790  -0.53057E+01  -0.11719E+01  -0.10840E+01   0.40000E+01   0.23788E+00
  382    26.0629  13.6806  -0.53395E+01  -0.11813E+01  -0.10934E+01   0.40000E+01   0.22406E+00
  383    26.2982  13.6822  -0.53735E+01  -0.11907E+01  -0.11029E+01   0.40000E+01   0.21087E+00
  384    26.5355  13.6837  -0.54077E+01  -0.12002E+01  -0.11124E+01   0.40000E+01   0.19854E+00
  385    26.7749  13.6853  -0.54420E+01  -0.12098E+01  -0.11220E+01   0.40000E+01   0.18671E+00
  386    27.0164  13.6868  -0.54765E+01  -0.12194E+01  -0.11316E+01   0.40000E+01   0.17558E+00
  387    27.2599  13.6883  -0.55112E+01  -0.12291E+01  -0.11413E+01   0.40000E+01   0.16511E+00
  388    27.5056  13.6898  -0.55460E+01  -0.12388E+01  -0.11510E+01   0.40000E+01   0.15507E+00
  389    27.7534  13.6912  -0.55811E+01  -0.12486E+01  -0.11608E+01   0.40000E+01   0.14561E+00
  390    28.0034  13.6927  -0.56163E+01  -0.12585E+01  -0.11706E+01   0.40000E+01   0.13680E+00
  391    28.2556  13.6941  -0.56516E+01  -0.12684E+01  -0.11806E+01   0.40000E+01   0.12840E+00
  392    28.5099  13.6955  -0.56872E+01  -0.12784E+01  -0.11905E+01   0.40000E+01   0.12026E+00
  393    28.7665  13.6969  -0.57229E+01  -0.12884E+01  -0.12006E+01   0.40000E+01   0.11289E+00
  394    29.0253  13.6982  -0.57587E+01  -0.12984E+01  -0.12106E+01   0.40000E+01   0.10585E+00
  395    29.2863  13.6996  -0.57948E+01  -0.13086E+01  -0.12208E+01   0.40000E+01   0.99147E-01
  396    29.5496  13.7009  -0.58311E+01  -0.13188E+01  -0.12310E+01   0.40000E+01   0.92780E-01
  397    29.8152  13.7022  -0.58676E+01  -0.13291E+01  -0.12413E+01   0.40000E+01   0.86905E-01
  398    30.0831  13.7035  -0.59041E+01  -0.13394E+01  -0.12516E+01   0.40000E+01   0.81322E-01
  399    30.3534  13.7048  -0.59409E+01  -0.13498E+01  -0.12619E+01   0.40000E+01   0.76051E-01
  400    30.6259  13.7061  -0.59779E+01  -0.13602E+01  -0.12724E+01   0.40000E+01   0.71113E-01
