    1     0.0001   0.0015  -0.15259E-04   0.17085E-05   0.55340E-01   0.75127E+01   0.79894E+03
    2     0.0088   0.1269  -0.24074E-02  -0.12779E-03   0.55211E-01   0.74707E+01   0.13683E+04
    3     0.0176   0.2519  -0.50316E-02  -0.31196E-03   0.55027E-01   0.74300E+01   0.14460E+04
    4     0.0264   0.3763  -0.77778E-02  -0.52075E-03   0.54818E-01   0.73899E+01   0.14996E+04
    5     0.0353   0.5002  -0.10617E-01  -0.74693E-03   0.54592E-01   0.73502E+01   0.15440E+04
    6     0.0443   0.6235  -0.13546E-01  -0.98927E-03   0.54349E-01   0.73110E+01   0.15840E+04
    7     0.0534   0.7463  -0.16549E-01  -0.12440E-02   0.54095E-01   0.72721E+01   0.16201E+04
    8     0.0626   0.8685  -0.19623E-01  -0.15102E-02   0.53828E-01   0.72335E+01   0.16539E+04
    9     0.0718   0.9902  -0.22766E-01  -0.17867E-02   0.53552E-01   0.71952E+01   0.16861E+04
   10     0.0811   1.1112  -0.25974E-01  -0.20737E-02   0.53265E-01   0.71573E+01   0.17161E+04
   11     0.0905   1.2318  -0.29247E-01  -0.23706E-02   0.52968E-01   0.71195E+01   0.17457E+04
   12     0.1000   1.3517  -0.32583E-01  -0.26774E-02   0.52661E-01   0.70821E+01   0.17745E+04
   13     0.1096   1.4710  -0.35990E-01  -0.29954E-02   0.52343E-01   0.70449E+01   0.18029E+04
   14     0.1192   1.5898  -0.39448E-01  -0.33200E-02   0.52019E-01   0.70080E+01   0.18301E+04
   15     0.1290   1.7079  -0.42968E-01  -0.36544E-02   0.51684E-01   0.69713E+01   0.18569E+04
   16     0.1388   1.8254  -0.46550E-01  -0.39984E-02   0.51340E-01   0.69348E+01   0.18838E+04
   17     0.1487   1.9423  -0.50193E-01  -0.43515E-02   0.50987E-01   0.68987E+01   0.19094E+04
   18     0.1587   2.0586  -0.53896E-01  -0.47140E-02   0.50625E-01   0.68627E+01   0.19352E+04
   19     0.1687   2.1743  -0.57660E-01  -0.50862E-02   0.50252E-01   0.68270E+01   0.19607E+04
   20     0.1789   2.2893  -0.61485E-01  -0.54681E-02   0.49870E-01   0.67915E+01   0.19856E+04
   21     0.1891   2.4037  -0.65370E-01  -0.58593E-02   0.49479E-01   0.67563E+01   0.20102E+04
   22     0.1995   2.5174  -0.69315E-01  -0.62602E-02   0.49078E-01   0.67213E+01   0.20346E+04
   23     0.2099   2.6305  -0.73321E-01  -0.66710E-02   0.48668E-01   0.66866E+01   0.20589E+04
   24     0.2204   2.7429  -0.77366E-01  -0.70857E-02   0.48253E-01   0.66519E+01   0.20562E+04
   25     0.2310   2.8547  -0.81493E-01  -0.75160E-02   0.47823E-01   0.66177E+01   0.21067E+04
   26     0.2417   2.9657  -0.85680E-01  -0.79564E-02   0.47382E-01   0.65836E+01   0.21300E+04
   27     0.2525   3.0761  -0.89928E-01  -0.84074E-02   0.46931E-01   0.65498E+01   0.21533E+04
   28     0.2634   3.1859  -0.94235E-01  -0.88677E-02   0.46471E-01   0.65162E+01   0.21763E+04
   29     0.2744   3.2949  -0.98605E-01  -0.93388E-02   0.46000E-01   0.64828E+01   0.21990E+04
   30     0.2855   3.4033  -0.10303E+00  -0.98203E-02   0.45518E-01   0.64497E+01   0.22215E+04
   31     0.2967   3.5110  -0.10752E+00  -0.10312E-01   0.45027E-01   0.64168E+01   0.22437E+04
   32     0.3079   3.6179  -0.11208E+00  -0.10814E-01   0.44524E-01   0.63842E+01   0.22656E+04
   33     0.3193   3.7242  -0.11669E+00  -0.11327E-01   0.44011E-01   0.63518E+01   0.22874E+04
   34     0.3308   3.8297  -0.12136E+00  -0.11851E-01   0.43487E-01   0.63196E+01   0.23086E+04
   35     0.3423   3.9346  -0.12610E+00  -0.12386E-01   0.42953E-01   0.62877E+01   0.23300E+04
   36     0.3540   4.0387  -0.13089E+00  -0.12931E-01   0.42407E-01   0.62560E+01   0.23506E+04
   37     0.3658   4.1421  -0.13575E+00  -0.13488E-01   0.41851E-01   0.62245E+01   0.23713E+04
   38     0.3777   4.2448  -0.14067E+00  -0.14056E-01   0.41283E-01   0.61933E+01   0.23917E+04
   39     0.3896   4.3467  -0.14565E+00  -0.14635E-01   0.40704E-01   0.61623E+01   0.24115E+04
   40     0.4017   4.4480  -0.15070E+00  -0.15226E-01   0.40113E-01   0.61315E+01   0.24313E+04
   41     0.4139   4.5485  -0.15580E+00  -0.15828E-01   0.39511E-01   0.61010E+01   0.24510E+04
   42     0.4262   4.6482  -0.16097E+00  -0.16442E-01   0.38897E-01   0.60707E+01   0.24702E+04
   43     0.4386   4.7472  -0.16620E+00  -0.17067E-01   0.38271E-01   0.60407E+01   0.24891E+04
   44     0.4511   4.8455  -0.17150E+00  -0.17705E-01   0.37634E-01   0.60109E+01   0.25077E+04
   45     0.4637   4.9431  -0.17685E+00  -0.18354E-01   0.36984E-01   0.59813E+01   0.25262E+04
   46     0.4764   5.0398  -0.18227E+00  -0.19015E-01   0.36323E-01   0.59520E+01   0.25442E+04
   47     0.4893   5.1359  -0.18776E+00  -0.19689E-01   0.35650E-01   0.59229E+01   0.25622E+04
   48     0.5022   5.2312  -0.19330E+00  -0.20375E-01   0.34963E-01   0.58941E+01   0.25795E+04
   49     0.5153   5.3257  -0.19891E+00  -0.21073E-01   0.34266E-01   0.58655E+01   0.25967E+04
   50     0.5285   5.4195  -0.20459E+00  -0.21783E-01   0.33555E-01   0.58372E+01   0.26136E+04
   51     0.5417   5.5125  -0.21032E+00  -0.22507E-01   0.32832E-01   0.58091E+01   0.26305E+04
   52     0.5552   5.6048  -0.21613E+00  -0.23243E-01   0.32096E-01   0.57812E+01   0.26465E+04
   53     0.5687   5.6963  -0.22200E+00  -0.23992E-01   0.31346E-01   0.57536E+01   0.26624E+04
   54     0.5823   5.7871  -0.22793E+00  -0.24755E-01   0.30584E-01   0.57263E+01   0.26779E+04
   55     0.5961   5.8771  -0.23393E+00  -0.25531E-01   0.29808E-01   0.56992E+01   0.26929E+04
   56     0.6099   5.9663  -0.23999E+00  -0.26320E-01   0.29018E-01   0.56723E+01   0.27075E+04
   57     0.6239   6.0548  -0.24613E+00  -0.27123E-01   0.28215E-01   0.56458E+01   0.27218E+04
   58     0.6381   6.1425  -0.25233E+00  -0.27941E-01   0.27398E-01   0.56194E+01   0.27357E+04
   59     0.6523   6.2295  -0.25859E+00  -0.28771E-01   0.26568E-01   0.55933E+01   0.27494E+04
   60     0.6667   6.3157  -0.26492E+00  -0.29615E-01   0.25724E-01   0.55675E+01   0.27626E+04
   61     0.6812   6.4011  -0.27132E+00  -0.30475E-01   0.24864E-01   0.55420E+01   0.27752E+04
   62     0.6958   6.4858  -0.27780E+00  -0.31349E-01   0.23989E-01   0.55167E+01   0.27875E+04
   63     0.7105   6.5697  -0.28433E+00  -0.32236E-01   0.23103E-01   0.54916E+01   0.27995E+04
   64     0.7254   6.6529  -0.29092E+00  -0.33134E-01   0.22205E-01   0.54668E+01   0.28107E+04
   65     0.7404   6.7353  -0.29758E+00  -0.34047E-01   0.21292E-01   0.54422E+01   0.28219E+04
   66     0.7555   6.8170  -0.30430E+00  -0.34974E-01   0.20364E-01   0.54179E+01   0.28324E+04
   67     0.7708   6.8979  -0.31110E+00  -0.35916E-01   0.19423E-01   0.53939E+01   0.28424E+04
   68     0.7862   6.9781  -0.31795E+00  -0.36872E-01   0.18467E-01   0.53701E+01   0.28519E+04
   69     0.8017   7.0575  -0.32488E+00  -0.37841E-01   0.17497E-01   0.53465E+01   0.28610E+04
   70     0.8174   7.1361  -0.33187E+00  -0.38826E-01   0.16513E-01   0.53233E+01   0.28697E+04
   71     0.8332   7.2140  -0.33893E+00  -0.39824E-01   0.15514E-01   0.53002E+01   0.28777E+04
   72     0.8491   7.2912  -0.34605E+00  -0.40837E-01   0.14501E-01   0.52775E+01   0.28854E+04
   73     0.8652   7.3676  -0.35324E+00  -0.41865E-01   0.13474E-01   0.52550E+01   0.28929E+04
   74     0.8814   7.4433  -0.36050E+00  -0.42907E-01   0.12432E-01   0.52327E+01   0.28996E+04
   75     0.8977   7.5182  -0.36782E+00  -0.43963E-01   0.11375E-01   0.52107E+01   0.29060E+04
   76     0.9142   7.5924  -0.37521E+00  -0.45035E-01   0.10303E-01   0.51890E+01   0.29120E+04
   77     0.9309   7.6659  -0.38267E+00  -0.46122E-01   0.92166E-02   0.51675E+01   0.29174E+04
   78     0.9477   7.7386  -0.39020E+00  -0.47224E-01   0.81150E-02   0.51463E+01   0.29223E+04
   79     0.9646   7.8107  -0.39779E+00  -0.48341E-01   0.69977E-02   0.51253E+01   0.29267E+04
   80     0.9817   7.8820  -0.40545E+00  -0.49474E-01   0.58650E-02   0.51046E+01   0.29305E+04
   81     0.9989   7.9525  -0.41318E+00  -0.50622E-01   0.47168E-02   0.50842E+01   0.29339E+04
   82     1.0163   8.0224  -0.42098E+00  -0.51785E-01   0.35533E-02   0.50640E+01   0.29369E+04
   83     1.0338   8.0915  -0.42884E+00  -0.52964E-01   0.23744E-02   0.50441E+01   0.29393E+04
   84     1.0515   8.1600  -0.43678E+00  -0.54158E-01   0.11804E-02   0.50244E+01   0.29414E+04
   85     1.0693   8.2277  -0.44477E+00  -0.55368E-01  -0.29188E-04   0.50050E+01   0.29427E+04
   86     1.0873   8.2947  -0.45284E+00  -0.56592E-01  -0.12538E-02   0.49858E+01   0.29438E+04
   87     1.1055   8.3610  -0.46097E+00  -0.57833E-01  -0.24941E-02   0.49669E+01   0.29442E+04
   88     1.1238   8.4267  -0.46917E+00  -0.59088E-01  -0.37496E-02   0.49483E+01   0.29440E+04
   89     1.1423   8.4916  -0.47743E+00  -0.60360E-01  -0.50212E-02   0.49299E+01   0.29435E+04
   90     1.1609   8.5559  -0.48577E+00  -0.61647E-01  -0.63080E-02   0.49117E+01   0.29425E+04
   91     1.1797   8.6194  -0.49417E+00  -0.62950E-01  -0.76112E-02   0.48938E+01   0.29410E+04
   92     1.1986   8.6823  -0.50264E+00  -0.64269E-01  -0.89302E-02   0.48762E+01   0.29390E+04
   93     1.2177   8.7445  -0.51117E+00  -0.65604E-01  -0.10266E-01   0.48589E+01   0.29365E+04
   94     1.2370   8.8061  -0.51978E+00  -0.66955E-01  -0.11617E-01   0.48418E+01   0.29335E+04
   95     1.2565   8.8669  -0.52845E+00  -0.68323E-01  -0.12985E-01   0.48249E+01   0.29299E+04
   96     1.2761   8.9272  -0.53719E+00  -0.69708E-01  -0.14369E-01   0.48083E+01   0.29260E+04
   97     1.2959   8.9867  -0.54601E+00  -0.71109E-01  -0.15770E-01   0.47920E+01   0.29214E+04
   98     1.3158   9.0456  -0.55488E+00  -0.72526E-01  -0.17188E-01   0.47758E+01   0.29164E+04
   99     1.3360   9.1039  -0.56383E+00  -0.73961E-01  -0.18622E-01   0.47600E+01   0.29109E+04
  100     1.3563   9.1615  -0.57285E+00  -0.75412E-01  -0.20073E-01   0.47444E+01   0.29049E+04
  101     1.3767   9.2185  -0.58193E+00  -0.76879E-01  -0.21540E-01   0.47290E+01   0.28984E+04
  102     1.3974   9.2748  -0.59108E+00  -0.78363E-01  -0.23024E-01   0.47139E+01   0.28915E+04
  103     1.4183   9.3305  -0.60029E+00  -0.79863E-01  -0.24524E-01   0.46990E+01   0.28840E+04
  104     1.4393   9.3856  -0.60958E+00  -0.81379E-01  -0.26041E-01   0.46844E+01   0.28760E+04
  105     1.4605   9.4401  -0.61893E+00  -0.82913E-01  -0.27574E-01   0.46700E+01   0.28677E+04
  106     1.4819   9.4940  -0.62835E+00  -0.84463E-01  -0.29125E-01   0.46558E+01   0.28589E+04
  107     1.5035   9.5472  -0.63783E+00  -0.86031E-01  -0.30692E-01   0.46419E+01   0.28495E+04
  108     1.5252   9.5999  -0.64739E+00  -0.87616E-01  -0.32277E-01   0.46282E+01   0.28399E+04
  109     1.5472   9.6519  -0.65701E+00  -0.89218E-01  -0.33879E-01   0.46148E+01   0.28298E+04
  110     1.5693   9.7034  -0.66670E+00  -0.90838E-01  -0.35499E-01   0.46016E+01   0.28192E+04
  111     1.5917   9.7542  -0.67646E+00  -0.92475E-01  -0.37137E-01   0.45886E+01   0.28082E+04
  112     1.6142   9.8045  -0.68629E+00  -0.94131E-01  -0.38792E-01   0.45759E+01   0.27968E+04
  113     1.6369   9.8542  -0.69619E+00  -0.95804E-01  -0.40465E-01   0.45633E+01   0.27848E+04
  114     1.6598   9.9033  -0.70616E+00  -0.97494E-01  -0.42156E-01   0.45511E+01   0.27725E+04
  115     1.6830   9.9519  -0.71620E+00  -0.99203E-01  -0.43864E-01   0.45390E+01   0.27598E+04
  116     1.7063   9.9999  -0.72630E+00  -0.10093E+00  -0.45590E-01   0.45272E+01   0.27468E+04
  117     1.7298  10.0473  -0.73647E+00  -0.10267E+00  -0.47334E-01   0.45156E+01   0.27331E+04
  118     1.7536  10.0942  -0.74671E+00  -0.10443E+00  -0.49095E-01   0.45042E+01   0.27190E+04
  119     1.7775  10.1405  -0.75702E+00  -0.10621E+00  -0.50875E-01   0.44930E+01   0.27045E+04
  120     1.8016  10.1863  -0.76739E+00  -0.10801E+00  -0.52673E-01   0.44820E+01   0.26896E+04
  121     1.8260  10.2316  -0.77784E+00  -0.10983E+00  -0.54488E-01   0.44712E+01   0.26746E+04
  122     1.8506  10.2763  -0.78835E+00  -0.11166E+00  -0.56323E-01   0.44607E+01   0.26589E+04
  123     1.8753  10.3205  -0.79893E+00  -0.11351E+00  -0.58175E-01   0.44503E+01   0.26432E+04
  124     1.9003  10.3642  -0.80958E+00  -0.11538E+00  -0.60045E-01   0.44402E+01   0.26270E+04
  125     1.9256  10.4073  -0.82029E+00  -0.11727E+00  -0.61934E-01   0.44302E+01   0.26106E+04
  126     1.9510  10.4499  -0.83107E+00  -0.11918E+00  -0.63841E-01   0.44205E+01   0.25940E+04
  127     1.9766  10.4921  -0.84193E+00  -0.12111E+00  -0.65767E-01   0.44110E+01   0.25768E+04
  128     2.0025  10.5337  -0.85285E+00  -0.12305E+00  -0.67712E-01   0.44016E+01   0.25593E+04
  129     2.0286  10.5748  -0.86384E+00  -0.12501E+00  -0.69676E-01   0.43925E+01   0.25414E+04
  130     2.0550  10.6155  -0.87491E+00  -0.12700E+00  -0.71661E-01   0.43835E+01   0.25233E+04
  131     2.0815  10.6556  -0.88604E+00  -0.12900E+00  -0.73666E-01   0.43747E+01   0.25048E+04
  132     2.1083  10.6953  -0.89725E+00  -0.13103E+00  -0.75690E-01   0.43661E+01   0.24860E+04
  133     2.1353  10.7345  -0.90852E+00  -0.13307E+00  -0.77733E-01   0.43577E+01   0.24669E+04
  134     2.1626  10.7732  -0.91987E+00  -0.13513E+00  -0.79794E-01   0.43495E+01   0.24475E+04
  135     2.1901  10.8115  -0.93127E+00  -0.13721E+00  -0.81874E-01   0.43415E+01   0.24278E+04
  136     2.2178  10.8492  -0.94275E+00  -0.13931E+00  -0.83973E-01   0.43336E+01   0.24081E+04
  137     2.2458  10.8866  -0.95429E+00  -0.14143E+00  -0.86091E-01   0.43259E+01   0.23878E+04
  138     2.2740  10.9235  -0.96590E+00  -0.14357E+00  -0.88228E-01   0.43183E+01   0.23672E+04
  139     2.3025  10.9599  -0.97758E+00  -0.14572E+00  -0.90384E-01   0.43109E+01   0.23468E+04
  140     2.3312  10.9959  -0.98932E+00  -0.14790E+00  -0.92560E-01   0.43037E+01   0.23261E+04
  141     2.3602  11.0314  -0.10011E+01  -0.15009E+00  -0.94756E-01   0.42966E+01   0.23053E+04
  142     2.3894  11.0665  -0.10130E+01  -0.15232E+00  -0.96979E-01   0.42898E+01   0.22841E+04
  143     2.4188  11.1012  -0.10250E+01  -0.15455E+00  -0.99215E-01   0.42830E+01   0.22630E+04
  144     2.4486  11.1355  -0.10370E+01  -0.15681E+00  -0.10147E+00   0.42764E+01   0.22417E+04
  145     2.4785  11.1693  -0.10491E+01  -0.15909E+00  -0.10375E+00   0.42700E+01   0.22201E+04
  146     2.5088  11.2027  -0.10613E+01  -0.16139E+00  -0.10605E+00   0.42637E+01   0.21982E+04
  147     2.5393  11.2358  -0.10736E+01  -0.16371E+00  -0.10837E+00   0.42575E+01   0.21758E+04
  148     2.5701  11.2684  -0.10859E+01  -0.16605E+00  -0.11072E+00   0.42515E+01   0.21536E+04
  149     2.6011  11.3006  -0.10983E+01  -0.16842E+00  -0.11308E+00   0.42456E+01   0.21312E+04
  150     2.6324  11.3324  -0.11107E+01  -0.17080E+00  -0.11546E+00   0.42399E+01   0.21087E+04
  151     2.6640  11.3638  -0.11232E+01  -0.17320E+00  -0.11786E+00   0.42343E+01   0.20859E+04
  152     2.6958  11.3948  -0.11358E+01  -0.17562E+00  -0.12028E+00   0.42288E+01   0.20631E+04
  153     2.7280  11.4255  -0.11485E+01  -0.17807E+00  -0.12273E+00   0.42235E+01   0.20402E+04
  154     2.7604  11.4557  -0.11612E+01  -0.18053E+00  -0.12519E+00   0.42183E+01   0.20172E+04
  155     2.7931  11.4856  -0.11740E+01  -0.18301E+00  -0.12768E+00   0.42132E+01   0.19941E+04
  156     2.8260  11.5151  -0.11869E+01  -0.18552E+00  -0.13018E+00   0.42082E+01   0.19711E+04
  157     2.8593  11.5443  -0.11998E+01  -0.18805E+00  -0.13271E+00   0.42033E+01   0.19481E+04
  158     2.8929  11.5731  -0.12129E+01  -0.19060E+00  -0.13526E+00   0.41986E+01   0.19250E+04
  159     2.9267  11.6015  -0.12259E+01  -0.19317E+00  -0.13783E+00   0.41939E+01   0.19017E+04
  160     2.9608  11.6296  -0.12391E+01  -0.19576E+00  -0.14043E+00   0.41894E+01   0.18783E+04
  161     2.9953  11.6573  -0.12523E+01  -0.19838E+00  -0.14304E+00   0.41850E+01   0.18550E+04
  162     3.0300  11.6847  -0.12656E+01  -0.20102E+00  -0.14568E+00   0.41807E+01   0.18315E+04
  163     3.0651  11.7117  -0.12790E+01  -0.20368E+00  -0.14834E+00   0.41765E+01   0.18082E+04
  164     3.1004  11.7384  -0.12925E+01  -0.20635E+00  -0.15102E+00   0.41724E+01   0.17848E+04
  165     3.1360  11.7648  -0.13060E+01  -0.20906E+00  -0.15372E+00   0.41684E+01   0.17613E+04
  166     3.1720  11.7908  -0.13196E+01  -0.21178E+00  -0.15644E+00   0.41645E+01   0.17380E+04
  167     3.2083  11.8165  -0.13332E+01  -0.21453E+00  -0.15919E+00   0.41607E+01   0.17145E+04
  168     3.2449  11.8419  -0.13469E+01  -0.21730E+00  -0.16196E+00   0.41569E+01   0.16911E+04
  169     3.2818  11.8670  -0.13608E+01  -0.22009E+00  -0.16475E+00   0.41533E+01   0.16677E+04
  170     3.3190  11.8918  -0.13746E+01  -0.22290E+00  -0.16756E+00   0.41498E+01   0.16444E+04
  171     3.3565  11.9162  -0.13886E+01  -0.22574E+00  -0.17040E+00   0.41463E+01   0.16211E+04
  172     3.3944  11.9403  -0.14026E+01  -0.22860E+00  -0.17326E+00   0.41429E+01   0.15978E+04
  173     3.4326  11.9642  -0.14167E+01  -0.23148E+00  -0.17614E+00   0.41396E+01   0.15746E+04
  174     3.4712  11.9877  -0.14309E+01  -0.23438E+00  -0.17904E+00   0.41364E+01   0.15515E+04
  175     3.5100  12.0109  -0.14451E+01  -0.23731E+00  -0.18197E+00   0.41333E+01   0.15284E+04
  176     3.5492  12.0339  -0.14594E+01  -0.24025E+00  -0.18492E+00   0.41302E+01   0.15055E+04
  177     3.5888  12.0565  -0.14738E+01  -0.24323E+00  -0.18789E+00   0.41273E+01   0.14825E+04
  178     3.6287  12.0789  -0.14883E+01  -0.24622E+00  -0.19089E+00   0.41244E+01   0.14598E+04
  179     3.6689  12.1010  -0.15028E+01  -0.24924E+00  -0.19391E+00   0.41215E+01   0.14371E+04
  180     3.7095  12.1228  -0.15174E+01  -0.25229E+00  -0.19695E+00   0.41188E+01   0.14145E+04
  181     3.7505  12.1443  -0.15321E+01  -0.25535E+00  -0.20001E+00   0.41160E+01   0.13919E+04
  182     3.7918  12.1656  -0.15468E+01  -0.25844E+00  -0.20310E+00   0.41134E+01   0.13695E+04
  183     3.8334  12.1866  -0.15617E+01  -0.26155E+00  -0.20622E+00   0.41108E+01   0.13472E+04
  184     3.8754  12.2073  -0.15766E+01  -0.26469E+00  -0.20935E+00   0.41083E+01   0.13250E+04
  185     3.9178  12.2277  -0.15916E+01  -0.26785E+00  -0.21251E+00   0.41059E+01   0.13030E+04
  186     3.9606  12.2480  -0.16066E+01  -0.27103E+00  -0.21569E+00   0.41035E+01   0.12811E+04
  187     4.0037  12.2679  -0.16217E+01  -0.27424E+00  -0.21890E+00   0.41012E+01   0.12594E+04
  188     4.0472  12.2876  -0.16369E+01  -0.27747E+00  -0.22213E+00   0.40989E+01   0.12379E+04
  189     4.0911  12.3070  -0.16522E+01  -0.28073E+00  -0.22539E+00   0.40967E+01   0.12164E+04
  190     4.1353  12.3262  -0.16676E+01  -0.28401E+00  -0.22867E+00   0.40945E+01   0.11952E+04
  191     4.1800  12.3452  -0.16830E+01  -0.28731E+00  -0.23197E+00   0.40924E+01   0.11740E+04
  192     4.2250  12.3639  -0.16985E+01  -0.29064E+00  -0.23530E+00   0.40904E+01   0.11530E+04
  193     4.2705  12.3824  -0.17141E+01  -0.29399E+00  -0.23865E+00   0.40884E+01   0.11321E+04
  194     4.3163  12.4006  -0.17298E+01  -0.29737E+00  -0.24203E+00   0.40864E+01   0.11115E+04
  195     4.3625  12.4186  -0.17455E+01  -0.30077E+00  -0.24543E+00   0.40845E+01   0.10910E+04
  196     4.4091  12.4364  -0.17613E+01  -0.30419E+00  -0.24886E+00   0.40826E+01   0.10707E+04
  197     4.4561  12.4539  -0.17772E+01  -0.30764E+00  -0.25230E+00   0.40808E+01   0.10507E+04
  198     4.5036  12.4713  -0.17931E+01  -0.31112E+00  -0.25578E+00   0.40790E+01   0.10308E+04
  199     4.5514  12.4884  -0.18092E+01  -0.31462E+00  -0.25928E+00   0.40773E+01   0.10112E+04
  200     4.5997  12.5053  -0.18253E+01  -0.31814E+00  -0.26280E+00   0.40756E+01   0.99174E+03
  201     4.6484  12.5219  -0.18415E+01  -0.32169E+00  -0.26636E+00   0.40740E+01   0.97235E+03
  202     4.6975  12.5384  -0.18578E+01  -0.32527E+00  -0.26993E+00   0.40723E+01   0.95322E+03
  203     4.7470  12.5547  -0.18742E+01  -0.32887E+00  -0.27354E+00   0.40708E+01   0.93425E+03
  204     4.7970  12.5707  -0.18906E+01  -0.33250E+00  -0.27716E+00   0.40692E+01   0.91555E+03
  205     4.8474  12.5865  -0.19071E+01  -0.33615E+00  -0.28081E+00   0.40677E+01   0.89694E+03
  206     4.8982  12.6022  -0.19237E+01  -0.33983E+00  -0.28449E+00   0.40663E+01   0.87866E+03
  207     4.9495  12.6176  -0.19403E+01  -0.34353E+00  -0.28819E+00   0.40649E+01   0.86056E+03
  208     5.0012  12.6329  -0.19571E+01  -0.34726E+00  -0.29192E+00   0.40635E+01   0.84268E+03
  209     5.0534  12.6479  -0.19739E+01  -0.35101E+00  -0.29567E+00   0.40621E+01   0.82513E+03
  210     5.1060  12.6628  -0.19908E+01  -0.35479E+00  -0.29945E+00   0.40608E+01   0.80778E+03
  211     5.1591  12.6774  -0.20078E+01  -0.35859E+00  -0.30325E+00   0.40595E+01   0.79058E+03
  212     5.2126  12.6919  -0.20249E+01  -0.36243E+00  -0.30709E+00   0.40582E+01   0.77351E+03
  213     5.2667  12.7062  -0.20420E+01  -0.36629E+00  -0.31095E+00   0.40570E+01   0.75677E+03
  214     5.3211  12.7203  -0.20592E+01  -0.37017E+00  -0.31484E+00   0.40558E+01   0.74017E+03
  215     5.3761  12.7342  -0.20765E+01  -0.37408E+00  -0.31875E+00   0.40546E+01   0.72380E+03
  216     5.4315  12.7480  -0.20939E+01  -0.37802E+00  -0.32268E+00   0.40535E+01   0.70770E+03
  217     5.4874  12.7615  -0.21114E+01  -0.38198E+00  -0.32665E+00   0.40523E+01   0.69179E+03
  218     5.5438  12.7749  -0.21289E+01  -0.38597E+00  -0.33063E+00   0.40513E+01   0.67615E+03
  219     5.6007  12.7882  -0.21466E+01  -0.38999E+00  -0.33465E+00   0.40502E+01   0.66075E+03
  220     5.6581  12.8012  -0.21643E+01  -0.39403E+00  -0.33869E+00   0.40491E+01   0.64552E+03
  221     5.7160  12.8141  -0.21821E+01  -0.39810E+00  -0.34277E+00   0.40481E+01   0.63061E+03
  222     5.7744  12.8269  -0.22000E+01  -0.40220E+00  -0.34686E+00   0.40471E+01   0.61586E+03
  223     5.8333  12.8394  -0.22179E+01  -0.40633E+00  -0.35099E+00   0.40462E+01   0.60139E+03
  224     5.8927  12.8518  -0.22360E+01  -0.41048E+00  -0.35514E+00   0.40452E+01   0.58706E+03
  225     5.9526  12.8641  -0.22541E+01  -0.41466E+00  -0.35932E+00   0.40443E+01   0.57306E+03
  226     6.0131  12.8762  -0.22723E+01  -0.41886E+00  -0.36353E+00   0.40434E+01   0.55917E+03
  227     6.0740  12.8881  -0.22906E+01  -0.42310E+00  -0.36776E+00   0.40425E+01   0.54557E+03
  228     6.1355  12.8999  -0.23090E+01  -0.42736E+00  -0.37202E+00   0.40416E+01   0.53221E+03
  229     6.1976  12.9115  -0.23274E+01  -0.43165E+00  -0.37631E+00   0.40408E+01   0.51901E+03
  230     6.2602  12.9230  -0.23460E+01  -0.43597E+00  -0.38063E+00   0.40400E+01   0.50611E+03
  231     6.3233  12.9343  -0.23646E+01  -0.44031E+00  -0.38498E+00   0.40392E+01   0.49336E+03
  232     6.3869  12.9455  -0.23833E+01  -0.44469E+00  -0.38935E+00   0.40384E+01   0.48094E+03
  233     6.4512  12.9565  -0.24021E+01  -0.44909E+00  -0.39375E+00   0.40376E+01   0.46862E+03
  234     6.5159  12.9674  -0.24210E+01  -0.45352E+00  -0.39818E+00   0.40369E+01   0.45661E+03
  235     6.5813  12.9782  -0.24400E+01  -0.45798E+00  -0.40264E+00   0.40361E+01   0.44477E+03
  236     6.6472  12.9888  -0.24591E+01  -0.46247E+00  -0.40713E+00   0.40354E+01   0.43320E+03
  237     6.7137  12.9993  -0.24782E+01  -0.46698E+00  -0.41164E+00   0.40347E+01   0.42182E+03
  238     6.7807  13.0097  -0.24974E+01  -0.47153E+00  -0.41619E+00   0.40340E+01   0.41064E+03
  239     6.8484  13.0199  -0.25167E+01  -0.47610E+00  -0.42076E+00   0.40333E+01   0.39963E+03
  240     6.9166  13.0300  -0.25362E+01  -0.48070E+00  -0.42536E+00   0.40327E+01   0.38897E+03
  241     6.9854  13.0399  -0.25557E+01  -0.48533E+00  -0.42999E+00   0.40320E+01   0.37841E+03
  242     7.0549  13.0498  -0.25752E+01  -0.48999E+00  -0.43465E+00   0.40314E+01   0.36811E+03
  243     7.1249  13.0595  -0.25949E+01  -0.49468E+00  -0.43934E+00   0.40308E+01   0.35797E+03
  244     7.1955  13.0690  -0.26147E+01  -0.49940E+00  -0.44406E+00   0.40302E+01   0.34810E+03
  245     7.2668  13.0785  -0.26345E+01  -0.50415E+00  -0.44881E+00   0.40296E+01   0.33835E+03
  246     7.3387  13.0878  -0.26545E+01  -0.50893E+00  -0.45359E+00   0.40291E+01   0.32884E+03
  247     7.4112  13.0970  -0.26745E+01  -0.51374E+00  -0.45840E+00   0.40285E+01   0.31956E+03
  248     7.4843  13.1061  -0.26946E+01  -0.51857E+00  -0.46323E+00   0.40279E+01   0.31045E+03
  249     7.5580  13.1151  -0.27148E+01  -0.52344E+00  -0.46810E+00   0.40274E+01   0.30157E+03
  250     7.6324  13.1240  -0.27351E+01  -0.52834E+00  -0.47300E+00   0.40269E+01   0.29284E+03
  251     7.7075  13.1327  -0.27555E+01  -0.53326E+00  -0.47793E+00   0.40264E+01   0.28430E+03
  252     7.7832  13.1414  -0.27760E+01  -0.53822E+00  -0.48289E+00   0.40259E+01   0.27602E+03
  253     7.8596  13.1499  -0.27966E+01  -0.54321E+00  -0.48788E+00   0.40254E+01   0.26782E+03
  254     7.9366  13.1583  -0.28173E+01  -0.54823E+00  -0.49290E+00   0.40249E+01   0.25984E+03
  255     8.0143  13.1666  -0.28380E+01  -0.55328E+00  -0.49795E+00   0.40244E+01   0.25204E+03
  256     8.0926  13.1748  -0.28589E+01  -0.55836E+00  -0.50302E+00   0.40240E+01   0.24446E+03
  257     8.1717  13.1829  -0.28798E+01  -0.56347E+00  -0.50813E+00   0.40235E+01   0.23705E+03
  258     8.2514  13.1909  -0.29009E+01  -0.56861E+00  -0.51327E+00   0.40231E+01   0.22981E+03
  259     8.3319  13.1988  -0.29220E+01  -0.57379E+00  -0.51845E+00   0.40227E+01   0.22276E+03
  260     8.4130  13.2066  -0.29433E+01  -0.57900E+00  -0.52366E+00   0.40222E+01   0.21584E+03
  261     8.4948  13.2143  -0.29646E+01  -0.58423E+00  -0.52889E+00   0.40218E+01   0.20915E+03
  262     8.5774  13.2219  -0.29860E+01  -0.58950E+00  -0.53416E+00   0.40214E+01   0.20254E+03
  263     8.6606  13.2293  -0.30075E+01  -0.59480E+00  -0.53946E+00   0.40210E+01   0.19611E+03
  264     8.7446  13.2367  -0.30291E+01  -0.60013E+00  -0.54480E+00   0.40206E+01   0.18989E+03
  265     8.8293  13.2440  -0.30508E+01  -0.60549E+00  -0.55016E+00   0.40203E+01   0.18378E+03
  266     8.9148  13.2512  -0.30727E+01  -0.61089E+00  -0.55555E+00   0.40199E+01   0.17788E+03
  267     9.0010  13.2584  -0.30946E+01  -0.61632E+00  -0.56098E+00   0.40195E+01   0.17209E+03
  268     9.0879  13.2654  -0.31166E+01  -0.62178E+00  -0.56644E+00   0.40192E+01   0.16647E+03
  269     9.1756  13.2723  -0.31387E+01  -0.62728E+00  -0.57194E+00   0.40188E+01   0.16099E+03
  270     9.2641  13.2792  -0.31609E+01  -0.63280E+00  -0.57746E+00   0.40185E+01   0.15565E+03
  271     9.3534  13.2859  -0.31832E+01  -0.63836E+00  -0.58302E+00   0.40182E+01   0.15045E+03
  272     9.4434  13.2926  -0.32056E+01  -0.64396E+00  -0.58862E+00   0.40178E+01   0.14540E+03
  273     9.5342  13.2992  -0.32281E+01  -0.64958E+00  -0.59424E+00   0.40175E+01   0.14047E+03
  274     9.6257  13.3056  -0.32507E+01  -0.65524E+00  -0.59990E+00   0.40172E+01   0.13568E+03
  275     9.7181  13.3121  -0.32734E+01  -0.66093E+00  -0.60559E+00   0.40169E+01   0.13103E+03
  276     9.8113  13.3184  -0.32962E+01  -0.66666E+00  -0.61132E+00   0.40166E+01   0.12653E+03
  277     9.9053  13.3246  -0.33191E+01  -0.67242E+00  -0.61708E+00   0.40163E+01   0.12213E+03
  278    10.0001  13.3308  -0.33421E+01  -0.67821E+00  -0.62287E+00   0.40160E+01   0.11787E+03
  279    10.0957  13.3369  -0.33652E+01  -0.68404E+00  -0.62870E+00   0.40157E+01   0.11373E+03
  280    10.1922  13.3429  -0.33884E+01  -0.68990E+00  -0.63456E+00   0.40155E+01   0.10970E+03
  281    10.2895  13.3488  -0.34117E+01  -0.69580E+00  -0.64046E+00   0.40152E+01   0.10579E+03
  282    10.3877  13.3547  -0.34351E+01  -0.70173E+00  -0.64639E+00   0.40149E+01   0.10198E+03
  283    10.4867  13.3605  -0.34587E+01  -0.70769E+00  -0.65236E+00   0.40147E+01   0.98284E+02
  284    10.5865  13.3662  -0.34823E+01  -0.71369E+00  -0.65836E+00   0.40144E+01   0.94750E+02
  285    10.6873  13.3718  -0.35060E+01  -0.71973E+00  -0.66439E+00   0.40142E+01   0.91274E+02
  286    10.7889  13.3774  -0.35299E+01  -0.72580E+00  -0.67046E+00   0.40139E+01   0.87921E+02
  287    10.8914  13.3829  -0.35538E+01  -0.73191E+00  -0.67657E+00   0.40137E+01   0.84653E+02
  288    10.9947  13.3883  -0.35778E+01  -0.73805E+00  -0.68271E+00   0.40135E+01   0.81501E+02
  289    11.0990  13.3936  -0.36020E+01  -0.74422E+00  -0.68889E+00   0.40132E+01   0.78451E+02
  290    11.2042  13.3989  -0.36263E+01  -0.75043E+00  -0.69509E+00   0.40130E+01   0.75483E+02
  291    11.3103  13.4041  -0.36506E+01  -0.75668E+00  -0.70134E+00   0.40128E+01   0.72624E+02
  292    11.4173  13.4093  -0.36751E+01  -0.76297E+00  -0.70763E+00   0.40126E+01   0.69858E+02
  293    11.5253  13.4143  -0.36997E+01  -0.76929E+00  -0.71395E+00   0.40124E+01   0.67173E+02
  294    11.6342  13.4193  -0.37244E+01  -0.77565E+00  -0.72031E+00   0.40122E+01   0.64566E+02
  295    11.7440  13.4243  -0.37492E+01  -0.78204E+00  -0.72670E+00   0.40120E+01   0.62046E+02
  296    11.8548  13.4292  -0.37741E+01  -0.78847E+00  -0.73313E+00   0.40118E+01   0.59622E+02
  297    11.9666  13.4340  -0.37992E+01  -0.79494E+00  -0.73960E+00   0.40116E+01   0.57262E+02
  298    12.0793  13.4388  -0.38243E+01  -0.80144E+00  -0.74610E+00   0.40114E+01   0.54998E+02
  299    12.1930  13.4435  -0.38496E+01  -0.80798E+00  -0.75265E+00   0.40112E+01   0.52808E+02
  300    12.3077  13.4481  -0.38749E+01  -0.81456E+00  -0.75922E+00   0.40110E+01   0.50710E+02
  301    12.4234  13.4527  -0.39004E+01  -0.82118E+00  -0.76584E+00   0.40108E+01   0.48579E+02
  302    12.5401  13.4572  -0.39260E+01  -0.82784E+00  -0.77250E+00   0.40106E+01   0.46658E+02
  303    12.6578  13.4616  -0.39517E+01  -0.83453E+00  -0.77919E+00   0.40105E+01   0.44748E+02
  304    12.7766  13.4660  -0.39776E+01  -0.84128E+00  -0.78594E+00   0.40103E+01   0.42907E+02
  305    12.8963  13.4704  -0.40035E+01  -0.84803E+00  -0.79269E+00   0.40101E+01   0.41116E+02
  306    13.0172  13.4747  -0.40296E+01  -0.85484E+00  -0.79950E+00   0.40100E+01   0.39490E+02
  307    13.1390  13.4789  -0.40557E+01  -0.86169E+00  -0.80635E+00   0.40098E+01   0.37764E+02
  308    13.2619  13.4831  -0.40820E+01  -0.86857E+00  -0.81323E+00   0.40096E+01   0.36170E+02
  309    13.3859  13.4872  -0.41084E+01  -0.87550E+00  -0.82016E+00   0.40095E+01   0.34635E+02
  310    13.5110  13.4913  -0.41350E+01  -0.88246E+00  -0.82713E+00   0.40093E+01   0.33153E+02
  311    13.6372  13.4953  -0.41616E+01  -0.88947E+00  -0.83413E+00   0.40092E+01   0.31732E+02
  312    13.7644  13.4993  -0.41884E+01  -0.89651E+00  -0.84118E+00   0.40090E+01   0.30370E+02
  313    13.8928  13.5032  -0.42152E+01  -0.90359E+00  -0.84826E+00   0.40089E+01   0.29038E+02
  314    14.0223  13.5071  -0.42423E+01  -0.91072E+00  -0.85538E+00   0.40088E+01   0.27769E+02
  315    14.1529  13.5109  -0.42694E+01  -0.91789E+00  -0.86255E+00   0.40086E+01   0.26552E+02
  316    14.2846  13.5146  -0.42966E+01  -0.92509E+00  -0.86975E+00   0.40085E+01   0.25376E+02
  317    14.4175  13.5184  -0.43240E+01  -0.93234E+00  -0.87701E+00   0.40084E+01   0.24238E+02
  318    14.5515  13.5220  -0.43515E+01  -0.93962E+00  -0.88429E+00   0.40082E+01   0.23155E+02
  319    14.6867  13.5257  -0.43791E+01  -0.94696E+00  -0.89162E+00   0.40081E+01   0.22113E+02
  320    14.8231  13.5292  -0.44069E+01  -0.95432E+00  -0.89898E+00   0.40080E+01   0.21113E+02
  321    14.9607  13.5328  -0.44347E+01  -0.96174E+00  -0.90640E+00   0.40078E+01   0.20146E+02
  322    15.0994  13.5363  -0.44627E+01  -0.96919E+00  -0.91385E+00   0.40077E+01   0.19220E+02
  323    15.2394  13.5397  -0.44908E+01  -0.97668E+00  -0.92135E+00   0.40076E+01   0.18332E+02
  324    15.3806  13.5431  -0.45191E+01  -0.98422E+00  -0.92888E+00   0.40075E+01   0.17479E+02
  325    15.5230  13.5464  -0.45474E+01  -0.99179E+00  -0.93646E+00   0.40074E+01   0.16663E+02
  326    15.6666  13.5498  -0.45760E+01  -0.99942E+00  -0.94408E+00   0.40073E+01   0.15878E+02
  327    15.8115  13.5530  -0.46046E+01  -0.10071E+01  -0.95175E+00   0.40072E+01   0.15132E+02
  328    15.9577  13.5562  -0.46334E+01  -0.10148E+01  -0.95946E+00   0.40070E+01   0.14412E+02
  329    16.1051  13.5594  -0.46622E+01  -0.10226E+01  -0.96721E+00   0.40069E+01   0.13719E+02
  330    16.2538  13.5626  -0.46912E+01  -0.10303E+01  -0.97500E+00   0.40068E+01   0.13061E+02
  331    16.4038  13.5657  -0.47204E+01  -0.10382E+01  -0.98284E+00   0.40067E+01   0.12429E+02
  332    16.5551  13.5687  -0.47497E+01  -0.10461E+01  -0.99072E+00   0.40066E+01   0.11823E+02
  333    16.7078  13.5717  -0.47791E+01  -0.10540E+01  -0.99865E+00   0.40065E+01   0.11244E+02
  334    16.8617  13.5747  -0.48086E+01  -0.10620E+01  -0.10066E+01   0.40064E+01   0.10691E+02
  335    17.0170  13.5777  -0.48383E+01  -0.10700E+01  -0.10146E+01   0.40063E+01   0.10159E+02
  336    17.1736  13.5806  -0.48682E+01  -0.10780E+01  -0.10227E+01   0.40062E+01   0.96565E+01
  337    17.3316  13.5835  -0.48981E+01  -0.10861E+01  -0.10308E+01   0.40062E+01   0.91682E+01
  338    17.4910  13.5863  -0.49282E+01  -0.10943E+01  -0.10390E+01   0.40061E+01   0.87056E+01
  339    17.6518  13.5891  -0.49584E+01  -0.11025E+01  -0.10472E+01   0.40060E+01   0.82647E+01
  340    17.8139  13.5918  -0.49888E+01  -0.11107E+01  -0.10554E+01   0.40059E+01   0.78412E+01
  341    17.9775  13.5946  -0.50193E+01  -0.11190E+01  -0.10637E+01   0.40058E+01   0.74385E+01
  342    18.1425  13.5972  -0.50499E+01  -0.11274E+01  -0.10720E+01   0.40057E+01   0.70544E+01
  343    18.3089  13.5999  -0.50807E+01  -0.11357E+01  -0.10804E+01   0.40056E+01   0.66896E+01
  344    18.4768  13.6025  -0.51116E+01  -0.11442E+01  -0.10888E+01   0.40056E+01   0.63374E+01
  345    18.6461  13.6051  -0.51427E+01  -0.11526E+01  -0.10973E+01   0.40055E+01   0.60066E+01
  346    18.8169  13.6077  -0.51739E+01  -0.11612E+01  -0.11058E+01   0.40054E+01   0.56919E+01
  347    18.9892  13.6102  -0.52052E+01  -0.11697E+01  -0.11144E+01   0.40053E+01   0.53858E+01
  348    19.1630  13.6127  -0.52367E+01  -0.11784E+01  -0.11230E+01   0.40052E+01   0.50979E+01
  349    19.3383  13.6151  -0.52683E+01  -0.11870E+01  -0.11317E+01   0.40052E+01   0.48254E+01
  350    19.5151  13.6175  -0.53001E+01  -0.11957E+01  -0.11404E+01   0.40051E+01   0.45624E+01
  351    19.6934  13.6199  -0.53320E+01  -0.12045E+01  -0.11491E+01   0.40050E+01   0.43166E+01
  352    19.8734  13.6223  -0.53641E+01  -0.12133E+01  -0.11580E+01   0.40050E+01   0.40783E+01
  353    20.0548  13.6246  -0.53963E+01  -0.12222E+01  -0.11668E+01   0.40049E+01   0.38538E+01
  354    20.2379  13.6269  -0.54287E+01  -0.12311E+01  -0.11757E+01   0.40048E+01   0.36411E+01
  355    20.4225  13.6292  -0.54612E+01  -0.12400E+01  -0.11847E+01   0.40048E+01   0.34380E+01
  356    20.6088  13.6314  -0.54939E+01  -0.12490E+01  -0.11937E+01   0.40047E+01   0.32446E+01
  357    20.7966  13.6337  -0.55267E+01  -0.12581E+01  -0.12028E+01   0.40046E+01   0.30629E+01
  358    20.9861  13.6358  -0.55596E+01  -0.12672E+01  -0.12119E+01   0.40046E+01   0.28892E+01
  359    21.1773  13.6380  -0.55928E+01  -0.12764E+01  -0.12210E+01   0.40045E+01   0.27243E+01
  360    21.3701  13.6401  -0.56260E+01  -0.12856E+01  -0.12302E+01   0.40044E+01   0.25675E+01
  361    21.5646  13.6422  -0.56594E+01  -0.12948E+01  -0.12395E+01   0.40044E+01   0.24194E+01
  362    21.7607  13.6443  -0.56930E+01  -0.13041E+01  -0.12488E+01   0.40043E+01   0.22802E+01
  363    21.9586  13.6463  -0.57267E+01  -0.13136E+01  -0.12582E+01   0.40000E+01   0.21453E+01
  364    22.1582  13.6484  -0.57606E+01  -0.13230E+01  -0.12676E+01   0.40000E+01   0.20220E+01
  365    22.3596  13.6504  -0.57946E+01  -0.13324E+01  -0.12771E+01   0.40000E+01   0.19022E+01
  366    22.5626  13.6523  -0.58288E+01  -0.13420E+01  -0.12866E+01   0.40000E+01   0.17889E+01
  367    22.7675  13.6543  -0.58632E+01  -0.13515E+01  -0.12962E+01   0.40000E+01   0.16877E+01
  368    22.9741  13.6562  -0.58977E+01  -0.13612E+01  -0.13058E+01   0.40000E+01   0.15818E+01
  369    23.1825  13.6581  -0.59325E+01  -0.13709E+01  -0.13155E+01   0.40000E+01   0.14860E+01
  370    23.3928  13.6600  -0.59673E+01  -0.13806E+01  -0.13252E+01   0.40000E+01   0.13956E+01
  371    23.6049  13.6618  -0.60022E+01  -0.13904E+01  -0.13350E+01   0.40000E+01   0.13107E+01
  372    23.8188  13.6636  -0.60374E+01  -0.14002E+01  -0.13449E+01   0.40000E+01   0.12299E+01
  373    24.0345  13.6654  -0.60727E+01  -0.14101E+01  -0.13548E+01   0.40000E+01   0.11541E+01
  374    24.2522  13.6672  -0.61082E+01  -0.14200E+01  -0.13647E+01   0.40000E+01   0.10823E+01
  375    24.4717  13.6689  -0.61439E+01  -0.14301E+01  -0.13747E+01   0.40000E+01   0.10146E+01
  376    24.6932  13.6707  -0.61797E+01  -0.14401E+01  -0.13848E+01   0.40000E+01   0.95115E+00
  377    24.9166  13.6724  -0.62157E+01  -0.14502E+01  -0.13949E+01   0.40000E+01   0.89087E+00
  378    25.1419  13.6741  -0.62518E+01  -0.14604E+01  -0.14051E+01   0.40000E+01   0.83492E+00
  379    25.3691  13.6757  -0.62881E+01  -0.14706E+01  -0.14153E+01   0.40000E+01   0.78085E+00
  380    25.5984  13.6774  -0.63246E+01  -0.14809E+01  -0.14256E+01   0.40000E+01   0.73106E+00
  381    25.8296  13.6790  -0.63613E+01  -0.14912E+01  -0.14359E+01   0.40000E+01   0.68389E+00
  382    26.0629  13.6806  -0.63981E+01  -0.15016E+01  -0.14463E+01   0.40000E+01   0.63940E+00
  383    26.2982  13.6822  -0.64352E+01  -0.15121E+01  -0.14568E+01   0.40000E+01   0.59740E+00
  384    26.5355  13.6837  -0.64723E+01  -0.15226E+01  -0.14673E+01   0.40000E+01   0.55827E+00
  385    26.7749  13.6853  -0.65097E+01  -0.15332E+01  -0.14778E+01   0.40000E+01   0.52141E+00
  386    27.0164  13.6868  -0.65472E+01  -0.15438E+01  -0.14885E+01   0.40000E+01   0.48683E+00
  387    27.2599  13.6883  -0.65849E+01  -0.15545E+01  -0.14992E+01   0.40000E+01   0.45428E+00
  388    27.5056  13.6898  -0.66227E+01  -0.15652E+01  -0.15099E+01   0.40000E+01   0.42347E+00
  389    27.7534  13.6912  -0.66608E+01  -0.15760E+01  -0.15207E+01   0.40000E+01   0.39515E+00
  390    28.0034  13.6927  -0.66990E+01  -0.15869E+01  -0.15316E+01   0.40000E+01   0.36837E+00
  391    28.2556  13.6941  -0.67374E+01  -0.15978E+01  -0.15425E+01   0.40000E+01   0.34300E+00
  392    28.5099  13.6955  -0.67760E+01  -0.16088E+01  -0.15535E+01   0.40000E+01   0.31955E+00
  393    28.7665  13.6969  -0.68148E+01  -0.16198E+01  -0.15645E+01   0.40000E+01   0.29748E+00
  394    29.0253  13.6982  -0.68537E+01  -0.16310E+01  -0.15756E+01   0.40000E+01   0.27671E+00
  395    29.2863  13.6996  -0.68928E+01  -0.16421E+01  -0.15868E+01   0.40000E+01   0.25738E+00
  396    29.5496  13.7009  -0.69321E+01  -0.16533E+01  -0.15980E+01   0.40000E+01   0.23929E+00
  397    29.8152  13.7022  -0.69716E+01  -0.16646E+01  -0.16093E+01   0.40000E+01   0.22238E+00
  398    30.0831  13.7035  -0.70113E+01  -0.16760E+01  -0.16206E+01   0.40000E+01   0.20660E+00
  399    30.3534  13.7048  -0.70512E+01  -0.16874E+01  -0.16320E+01   0.40000E+01   0.19185E+00
  400    30.6259  13.7061  -0.70912E+01  -0.16988E+01  -0.16435E+01   0.40000E+01   0.17803E+00
