    1     0.0001   0.0015  -0.15259E-04  -0.28475E-06   0.11902E+00   0.14391E+02   0.81430E+00
    2     0.0088   0.1269  -0.10731E-02   0.46540E-04   0.11907E+00   0.14297E+02   0.61165E+00
    3     0.0176   0.2519  -0.22460E-02   0.72682E-04   0.11909E+00   0.14204E+02   0.64979E+00
    4     0.0264   0.3763  -0.34651E-02   0.94836E-04   0.11911E+00   0.14112E+02   0.67514E+00
    5     0.0353   0.5002  -0.47396E-02   0.11047E-03   0.11913E+00   0.14020E+02   0.69929E+00
    6     0.0443   0.6235  -0.60506E-02   0.12470E-03   0.11914E+00   0.13929E+02   0.72079E+00
    7     0.0534   0.7463  -0.73960E-02   0.13780E-03   0.11916E+00   0.13839E+02   0.74078E+00
    8     0.0626   0.8685  -0.87745E-02   0.14970E-03   0.11917E+00   0.13749E+02   0.75988E+00
    9     0.0718   0.9902  -0.10185E-01   0.16093E-03   0.11918E+00   0.13659E+02   0.77851E+00
   10     0.0811   1.1112  -0.11626E-01   0.17112E-03   0.11919E+00   0.13570E+02   0.79631E+00
   11     0.0905   1.2318  -0.13098E-01   0.18085E-03   0.11920E+00   0.13481E+02   0.81418E+00
   12     0.1000   1.3517  -0.14599E-01   0.19027E-03   0.11921E+00   0.13393E+02   0.83189E+00
   13     0.1096   1.4710  -0.16130E-01   0.19897E-03   0.11922E+00   0.13305E+02   0.84953E+00
   14     0.1192   1.5898  -0.17690E-01   0.20725E-03   0.11923E+00   0.13217E+02   0.86703E+00
   15     0.1290   1.7079  -0.19287E-01   0.21330E-03   0.11923E+00   0.13130E+02   0.88494E+00
   16     0.1388   1.8254  -0.20902E-01   0.22137E-03   0.11924E+00   0.13043E+02   0.90264E+00
   17     0.1487   1.9423  -0.22547E-01   0.22877E-03   0.11925E+00   0.12957E+02   0.92000E+00
   18     0.1587   2.0586  -0.24221E-01   0.23545E-03   0.11925E+00   0.12871E+02   0.93777E+00
   19     0.1687   2.1743  -0.25924E-01   0.24150E-03   0.11926E+00   0.12785E+02   0.95561E+00
   20     0.1789   2.2893  -0.27657E-01   0.24657E-03   0.11927E+00   0.12700E+02   0.97341E+00
   21     0.1891   2.4037  -0.29419E-01   0.25050E-03   0.11927E+00   0.12615E+02   0.99135E+00
   22     0.1995   2.5174  -0.31210E-01   0.25345E-03   0.11927E+00   0.12531E+02   0.10095E+01
   23     0.2099   2.6305  -0.33030E-01   0.25557E-03   0.11928E+00   0.12447E+02   0.10278E+01
   24     0.2204   2.7429  -0.34871E-01   0.25894E-03   0.11928E+00   0.12363E+02   0.10328E+01
   25     0.2310   2.8547  -0.36751E-01   0.25863E-03   0.11928E+00   0.12280E+02   0.10649E+01
   26     0.2417   2.9657  -0.38661E-01   0.25708E-03   0.11928E+00   0.12197E+02   0.10835E+01
   27     0.2525   3.0761  -0.40600E-01   0.25407E-03   0.11927E+00   0.12115E+02   0.11025E+01
   28     0.2634   3.1859  -0.42568E-01   0.24962E-03   0.11927E+00   0.12033E+02   0.11216E+01
   29     0.2744   3.2949  -0.44566E-01   0.24388E-03   0.11926E+00   0.11951E+02   0.11409E+01
   30     0.2855   3.4033  -0.46594E-01   0.23695E-03   0.11926E+00   0.11870E+02   0.11604E+01
   31     0.2967   3.5110  -0.48652E-01   0.22841E-03   0.11925E+00   0.11789E+02   0.11801E+01
   32     0.3079   3.6179  -0.50741E-01   0.21770E-03   0.11924E+00   0.11709E+02   0.11999E+01
   33     0.3193   3.7242  -0.52861E-01   0.20497E-03   0.11922E+00   0.11629E+02   0.12200E+01
   34     0.3308   3.8297  -0.55014E-01   0.18965E-03   0.11921E+00   0.11550E+02   0.12401E+01
   35     0.3423   3.9346  -0.57198E-01   0.17226E-03   0.11919E+00   0.11471E+02   0.12607E+01
   36     0.3540   4.0387  -0.59415E-01   0.15229E-03   0.11917E+00   0.11392E+02   0.12812E+01
   37     0.3658   4.1421  -0.61663E-01   0.13024E-03   0.11915E+00   0.11314E+02   0.13021E+01
   38     0.3777   4.2448  -0.63944E-01   0.10555E-03   0.11913E+00   0.11236E+02   0.13231E+01
   39     0.3896   4.3467  -0.66256E-01   0.78324E-04   0.11910E+00   0.11159E+02   0.13443E+01
   40     0.4017   4.4480  -0.68600E-01   0.48870E-04   0.11907E+00   0.11082E+02   0.13657E+01
   41     0.4139   4.5485  -0.70976E-01   0.16515E-04   0.11904E+00   0.11006E+02   0.13875E+01
   42     0.4262   4.6482  -0.73384E-01  -0.18172E-04   0.11900E+00   0.10930E+02   0.14093E+01
   43     0.4386   4.7472  -0.75825E-01  -0.55840E-04   0.11896E+00   0.10855E+02   0.14313E+01
   44     0.4511   4.8455  -0.78299E-01  -0.96540E-04   0.11892E+00   0.10780E+02   0.14536E+01
   45     0.4637   4.9431  -0.80807E-01  -0.14043E-03   0.11888E+00   0.10705E+02   0.14761E+01
   46     0.4764   5.0398  -0.83349E-01  -0.18745E-03   0.11883E+00   0.10631E+02   0.14988E+01
   47     0.4893   5.1359  -0.85924E-01  -0.23780E-03   0.11878E+00   0.10557E+02   0.15218E+01
   48     0.5022   5.2312  -0.88534E-01  -0.29126E-03   0.11873E+00   0.10484E+02   0.15448E+01
   49     0.5153   5.3257  -0.91177E-01  -0.34828E-03   0.11867E+00   0.10412E+02   0.15681E+01
   50     0.5285   5.4195  -0.93856E-01  -0.40896E-03   0.11861E+00   0.10340E+02   0.15915E+01
   51     0.5417   5.5125  -0.96568E-01  -0.47322E-03   0.11855E+00   0.10268E+02   0.16154E+01
   52     0.5552   5.6048  -0.99315E-01  -0.54109E-03   0.11848E+00   0.10197E+02   0.16392E+01
   53     0.5687   5.6963  -0.10210E+00  -0.61240E-03   0.11841E+00   0.10126E+02   0.16635E+01
   54     0.5823   5.7871  -0.10491E+00  -0.68758E-03   0.11833E+00   0.10055E+02   0.16879E+01
   55     0.5961   5.8771  -0.10776E+00  -0.76685E-03   0.11825E+00   0.99856E+01   0.17124E+01
   56     0.6099   5.9663  -0.11065E+00  -0.85028E-03   0.11817E+00   0.99162E+01   0.17372E+01
   57     0.6239   6.0548  -0.11357E+00  -0.93821E-03   0.11808E+00   0.98472E+01   0.17620E+01
   58     0.6381   6.1425  -0.11654E+00  -0.10301E-02   0.11799E+00   0.97788E+01   0.17872E+01
   59     0.6523   6.2295  -0.11953E+00  -0.11265E-02   0.11789E+00   0.97109E+01   0.18126E+01
   60     0.6667   6.3157  -0.12257E+00  -0.12274E-02   0.11779E+00   0.96434E+01   0.18381E+01
   61     0.6812   6.4011  -0.12563E+00  -0.13328E-02   0.11769E+00   0.95764E+01   0.18637E+01
   62     0.6958   6.4858  -0.12874E+00  -0.14422E-02   0.11758E+00   0.95099E+01   0.18896E+01
   63     0.7105   6.5697  -0.13188E+00  -0.15564E-02   0.11746E+00   0.94438E+01   0.19157E+01
   64     0.7254   6.6529  -0.13506E+00  -0.16755E-02   0.11734E+00   0.93782E+01   0.19419E+01
   65     0.7404   6.7353  -0.13828E+00  -0.18002E-02   0.11722E+00   0.93131E+01   0.19685E+01
   66     0.7555   6.8170  -0.14153E+00  -0.19290E-02   0.11709E+00   0.92485E+01   0.19952E+01
   67     0.7708   6.8979  -0.14483E+00  -0.20628E-02   0.11696E+00   0.91844E+01   0.20220E+01
   68     0.7862   6.9781  -0.14816E+00  -0.22017E-02   0.11682E+00   0.91207E+01   0.20489E+01
   69     0.8017   7.0575  -0.15152E+00  -0.23463E-02   0.11667E+00   0.90575E+01   0.20760E+01
   70     0.8174   7.1361  -0.15493E+00  -0.24960E-02   0.11652E+00   0.89948E+01   0.21033E+01
   71     0.8332   7.2140  -0.15838E+00  -0.26511E-02   0.11637E+00   0.89325E+01   0.21307E+01
   72     0.8491   7.2912  -0.16186E+00  -0.28121E-02   0.11621E+00   0.88707E+01   0.21583E+01
   73     0.8652   7.3676  -0.16538E+00  -0.29785E-02   0.11604E+00   0.88094E+01   0.21861E+01
   74     0.8814   7.4433  -0.16894E+00  -0.31504E-02   0.11587E+00   0.87485E+01   0.22140E+01
   75     0.8977   7.5182  -0.17255E+00  -0.33278E-02   0.11569E+00   0.86882E+01   0.22421E+01
   76     0.9142   7.5924  -0.17619E+00  -0.35112E-02   0.11551E+00   0.86284E+01   0.22703E+01
   77     0.9309   7.6659  -0.17987E+00  -0.37012E-02   0.11532E+00   0.85689E+01   0.22986E+01
   78     0.9477   7.7386  -0.18359E+00  -0.38966E-02   0.11512E+00   0.85100E+01   0.23270E+01
   79     0.9646   7.8107  -0.18735E+00  -0.40986E-02   0.11492E+00   0.84516E+01   0.23555E+01
   80     0.9817   7.8820  -0.19116E+00  -0.43068E-02   0.11471E+00   0.83936E+01   0.23842E+01
   81     0.9989   7.9525  -0.19500E+00  -0.45210E-02   0.11450E+00   0.83360E+01   0.24130E+01
   82     1.0163   8.0224  -0.19888E+00  -0.47418E-02   0.11428E+00   0.82790E+01   0.24420E+01
   83     1.0338   8.0915  -0.20280E+00  -0.49693E-02   0.11405E+00   0.82224E+01   0.24709E+01
   84     1.0515   8.1600  -0.20677E+00  -0.52041E-02   0.11382E+00   0.81662E+01   0.25001E+01
   85     1.0693   8.2277  -0.21078E+00  -0.54458E-02   0.11357E+00   0.81106E+01   0.25290E+01
   86     1.0873   8.2947  -0.21483E+00  -0.56934E-02   0.11333E+00   0.80554E+01   0.25583E+01
   87     1.1055   8.3610  -0.21892E+00  -0.59477E-02   0.11307E+00   0.80007E+01   0.25877E+01
   88     1.1238   8.4267  -0.22305E+00  -0.62089E-02   0.11281E+00   0.79464E+01   0.26171E+01
   89     1.1423   8.4916  -0.22723E+00  -0.64769E-02   0.11254E+00   0.78926E+01   0.26466E+01
   90     1.1609   8.5559  -0.23144E+00  -0.67527E-02   0.11227E+00   0.78393E+01   0.26761E+01
   91     1.1797   8.6194  -0.23570E+00  -0.70361E-02   0.11198E+00   0.77863E+01   0.27058E+01
   92     1.1986   8.6823  -0.24000E+00  -0.73268E-02   0.11169E+00   0.77339E+01   0.27353E+01
   93     1.2177   8.7445  -0.24435E+00  -0.76246E-02   0.11139E+00   0.76819E+01   0.27649E+01
   94     1.2370   8.8061  -0.24874E+00  -0.79304E-02   0.11109E+00   0.76304E+01   0.27946E+01
   95     1.2565   8.8669  -0.25317E+00  -0.82434E-02   0.11078E+00   0.75793E+01   0.28242E+01
   96     1.2761   8.9272  -0.25765E+00  -0.85643E-02   0.11046E+00   0.75287E+01   0.28541E+01
   97     1.2959   8.9867  -0.26216E+00  -0.88935E-02   0.11013E+00   0.74785E+01   0.28838E+01
   98     1.3158   9.0456  -0.26673E+00  -0.92309E-02   0.10979E+00   0.74287E+01   0.29135E+01
   99     1.3360   9.1039  -0.27134E+00  -0.95760E-02   0.10944E+00   0.73794E+01   0.29432E+01
  100     1.3563   9.1615  -0.27599E+00  -0.99284E-02   0.10909E+00   0.73306E+01   0.29728E+01
  101     1.3767   9.2185  -0.28068E+00  -0.10289E-01   0.10873E+00   0.72821E+01   0.30025E+01
  102     1.3974   9.2748  -0.28542E+00  -0.10658E-01   0.10836E+00   0.72342E+01   0.30321E+01
  103     1.4183   9.3305  -0.29021E+00  -0.11037E-01   0.10798E+00   0.71866E+01   0.30616E+01
  104     1.4393   9.3856  -0.29504E+00  -0.11425E-01   0.10759E+00   0.71396E+01   0.30910E+01
  105     1.4605   9.4401  -0.29992E+00  -0.11821E-01   0.10720E+00   0.70929E+01   0.31205E+01
  106     1.4819   9.4940  -0.30484E+00  -0.12225E-01   0.10679E+00   0.70466E+01   0.31498E+01
  107     1.5035   9.5472  -0.30981E+00  -0.12639E-01   0.10638E+00   0.70008E+01   0.31790E+01
  108     1.5252   9.5999  -0.31482E+00  -0.13061E-01   0.10596E+00   0.69554E+01   0.32082E+01
  109     1.5472   9.6519  -0.31988E+00  -0.13492E-01   0.10553E+00   0.69104E+01   0.32375E+01
  110     1.5693   9.7034  -0.32499E+00  -0.13933E-01   0.10509E+00   0.68659E+01   0.32666E+01
  111     1.5917   9.7542  -0.33015E+00  -0.14384E-01   0.10464E+00   0.68218E+01   0.32955E+01
  112     1.6142   9.8045  -0.33535E+00  -0.14845E-01   0.10417E+00   0.67781E+01   0.33242E+01
  113     1.6369   9.8542  -0.34060E+00  -0.15315E-01   0.10370E+00   0.67348E+01   0.33526E+01
  114     1.6598   9.9033  -0.34590E+00  -0.15795E-01   0.10322E+00   0.66919E+01   0.33810E+01
  115     1.6830   9.9519  -0.35125E+00  -0.16283E-01   0.10274E+00   0.66495E+01   0.34093E+01
  116     1.7063   9.9999  -0.35664E+00  -0.16782E-01   0.10224E+00   0.66074E+01   0.34376E+01
  117     1.7298  10.0473  -0.36208E+00  -0.17290E-01   0.10173E+00   0.65658E+01   0.34654E+01
  118     1.7536  10.0942  -0.36757E+00  -0.17809E-01   0.10121E+00   0.65246E+01   0.34931E+01
  119     1.7775  10.1405  -0.37310E+00  -0.18338E-01   0.10068E+00   0.64837E+01   0.35207E+01
  120     1.8016  10.1863  -0.37869E+00  -0.18876E-01   0.10014E+00   0.64434E+01   0.35480E+01
  121     1.8260  10.2316  -0.38432E+00  -0.19425E-01   0.99594E-01   0.64034E+01   0.35753E+01
  122     1.8506  10.2763  -0.39001E+00  -0.19986E-01   0.99033E-01   0.63638E+01   0.36019E+01
  123     1.8753  10.3205  -0.39575E+00  -0.20560E-01   0.98460E-01   0.63246E+01   0.36283E+01
  124     1.9003  10.3642  -0.40154E+00  -0.21142E-01   0.97878E-01   0.62858E+01   0.36545E+01
  125     1.9256  10.4073  -0.40736E+00  -0.21732E-01   0.97288E-01   0.62473E+01   0.36806E+01
  126     1.9510  10.4499  -0.41324E+00  -0.22333E-01   0.96686E-01   0.62093E+01   0.37067E+01
  127     1.9766  10.4921  -0.41918E+00  -0.22948E-01   0.96072E-01   0.61717E+01   0.37322E+01
  128     2.0025  10.5337  -0.42516E+00  -0.23573E-01   0.95446E-01   0.61345E+01   0.37573E+01
  129     2.0286  10.5748  -0.43120E+00  -0.24210E-01   0.94810E-01   0.60977E+01   0.37821E+01
  130     2.0550  10.6155  -0.43729E+00  -0.24858E-01   0.94162E-01   0.60612E+01   0.38069E+01
  131     2.0815  10.6556  -0.44343E+00  -0.25517E-01   0.93503E-01   0.60252E+01   0.38311E+01
  132     2.1083  10.6953  -0.44962E+00  -0.26188E-01   0.92831E-01   0.59895E+01   0.38550E+01
  133     2.1353  10.7345  -0.45586E+00  -0.26870E-01   0.92149E-01   0.59543E+01   0.38782E+01
  134     2.1626  10.7732  -0.46215E+00  -0.27563E-01   0.91456E-01   0.59194E+01   0.39014E+01
  135     2.1901  10.8115  -0.46849E+00  -0.28269E-01   0.90751E-01   0.58848E+01   0.39247E+01
  136     2.2178  10.8492  -0.47489E+00  -0.28986E-01   0.90033E-01   0.58507E+01   0.39471E+01
  137     2.2458  10.8866  -0.48135E+00  -0.29717E-01   0.89303E-01   0.58170E+01   0.39692E+01
  138     2.2740  10.9235  -0.48786E+00  -0.30459E-01   0.88560E-01   0.57837E+01   0.39908E+01
  139     2.3025  10.9599  -0.49441E+00  -0.31213E-01   0.87806E-01   0.57507E+01   0.40121E+01
  140     2.3312  10.9959  -0.50102E+00  -0.31979E-01   0.87041E-01   0.57181E+01   0.40329E+01
  141     2.3602  11.0314  -0.50769E+00  -0.32758E-01   0.86261E-01   0.56859E+01   0.40530E+01
  142     2.3894  11.0665  -0.51441E+00  -0.33550E-01   0.85469E-01   0.56541E+01   0.40728E+01
  143     2.4188  11.1012  -0.52118E+00  -0.34354E-01   0.84665E-01   0.56226E+01   0.40924E+01
  144     2.4486  11.1355  -0.52801E+00  -0.35171E-01   0.83849E-01   0.55915E+01   0.41117E+01
  145     2.4785  11.1693  -0.53490E+00  -0.36002E-01   0.83018E-01   0.55608E+01   0.41301E+01
  146     2.5088  11.2027  -0.54184E+00  -0.36845E-01   0.82174E-01   0.55304E+01   0.41480E+01
  147     2.5393  11.2358  -0.54883E+00  -0.37701E-01   0.81318E-01   0.55004E+01   0.41653E+01
  148     2.5701  11.2684  -0.55589E+00  -0.38571E-01   0.80449E-01   0.54709E+01   0.41824E+01
  149     2.6011  11.3006  -0.56299E+00  -0.39454E-01   0.79566E-01   0.54416E+01   0.41988E+01
  150     2.6324  11.3324  -0.57016E+00  -0.40350E-01   0.78670E-01   0.54128E+01   0.42149E+01
  151     2.6640  11.3638  -0.57737E+00  -0.41258E-01   0.77762E-01   0.53843E+01   0.42302E+01
  152     2.6958  11.3948  -0.58464E+00  -0.42180E-01   0.76840E-01   0.53561E+01   0.42451E+01
  153     2.7280  11.4255  -0.59198E+00  -0.43117E-01   0.75902E-01   0.53284E+01   0.42594E+01
  154     2.7604  11.4557  -0.59937E+00  -0.44069E-01   0.74951E-01   0.53010E+01   0.42732E+01
  155     2.7931  11.4856  -0.60682E+00  -0.45033E-01   0.73987E-01   0.52740E+01   0.42863E+01
  156     2.8260  11.5151  -0.61432E+00  -0.46010E-01   0.73010E-01   0.52474E+01   0.42991E+01
  157     2.8593  11.5443  -0.62188E+00  -0.47001E-01   0.72019E-01   0.52211E+01   0.43111E+01
  158     2.8929  11.5731  -0.62950E+00  -0.48007E-01   0.71012E-01   0.51951E+01   0.43228E+01
  159     2.9267  11.6015  -0.63718E+00  -0.49028E-01   0.69991E-01   0.51696E+01   0.43338E+01
  160     2.9608  11.6296  -0.64492E+00  -0.50064E-01   0.68955E-01   0.51444E+01   0.43444E+01
  161     2.9953  11.6573  -0.65271E+00  -0.51114E-01   0.67906E-01   0.51195E+01   0.43541E+01
  162     3.0300  11.6847  -0.66057E+00  -0.52179E-01   0.66841E-01   0.50951E+01   0.43628E+01
  163     3.0651  11.7117  -0.66849E+00  -0.53259E-01   0.65761E-01   0.50710E+01   0.43711E+01
  164     3.1004  11.7384  -0.67647E+00  -0.54354E-01   0.64665E-01   0.50473E+01   0.43791E+01
  165     3.1360  11.7648  -0.68451E+00  -0.55465E-01   0.63555E-01   0.50239E+01   0.43865E+01
  166     3.1720  11.7908  -0.69261E+00  -0.56589E-01   0.62430E-01   0.50009E+01   0.43929E+01
  167     3.2083  11.8165  -0.70077E+00  -0.57730E-01   0.61289E-01   0.49782E+01   0.43983E+01
  168     3.2449  11.8419  -0.70900E+00  -0.58887E-01   0.60132E-01   0.49559E+01   0.44036E+01
  169     3.2818  11.8670  -0.71729E+00  -0.60060E-01   0.58960E-01   0.49340E+01   0.44078E+01
  170     3.3190  11.8918  -0.72564E+00  -0.61247E-01   0.57773E-01   0.49124E+01   0.44116E+01
  171     3.3565  11.9162  -0.73404E+00  -0.62448E-01   0.56571E-01   0.48911E+01   0.44144E+01
  172     3.3944  11.9403  -0.74250E+00  -0.63666E-01   0.55354E-01   0.48702E+01   0.44167E+01
  173     3.4326  11.9642  -0.75105E+00  -0.64903E-01   0.54117E-01   0.48497E+01   0.44181E+01
  174     3.4712  11.9877  -0.75964E+00  -0.66153E-01   0.52866E-01   0.48295E+01   0.44194E+01
  175     3.5100  12.0109  -0.76829E+00  -0.67417E-01   0.51603E-01   0.48097E+01   0.44199E+01
  176     3.5492  12.0339  -0.77701E+00  -0.68699E-01   0.50320E-01   0.47902E+01   0.44194E+01
  177     3.5888  12.0565  -0.78580E+00  -0.69999E-01   0.49021E-01   0.47710E+01   0.44180E+01
  178     3.6287  12.0789  -0.79465E+00  -0.71315E-01   0.47705E-01   0.47522E+01   0.44164E+01
  179     3.6689  12.1010  -0.80356E+00  -0.72648E-01   0.46372E-01   0.47337E+01   0.44143E+01
  180     3.7095  12.1228  -0.81253E+00  -0.73996E-01   0.45024E-01   0.47156E+01   0.44109E+01
  181     3.7505  12.1443  -0.82158E+00  -0.75362E-01   0.43657E-01   0.46978E+01   0.44070E+01
  182     3.7918  12.1656  -0.83070E+00  -0.76749E-01   0.42270E-01   0.46804E+01   0.44028E+01
  183     3.8334  12.1866  -0.83988E+00  -0.78154E-01   0.40866E-01   0.46633E+01   0.43975E+01
  184     3.8754  12.2073  -0.84912E+00  -0.79571E-01   0.39448E-01   0.46466E+01   0.43913E+01
  185     3.9178  12.2277  -0.85842E+00  -0.81007E-01   0.38013E-01   0.46301E+01   0.43848E+01
  186     3.9606  12.2480  -0.86780E+00  -0.82461E-01   0.36559E-01   0.46140E+01   0.43773E+01
  187     4.0037  12.2679  -0.87724E+00  -0.83934E-01   0.35086E-01   0.45983E+01   0.43713E+01
  188     4.0472  12.2876  -0.88675E+00  -0.85425E-01   0.33595E-01   0.45828E+01   0.43540E+01
  189     4.0911  12.3070  -0.89633E+00  -0.86934E-01   0.32085E-01   0.45677E+01   0.43413E+01
  190     4.1353  12.3262  -0.90598E+00  -0.88462E-01   0.30557E-01   0.45529E+01   0.43416E+01
  191     4.1800  12.3452  -0.91569E+00  -0.90008E-01   0.29012E-01   0.45383E+01   0.43296E+01
  192     4.2250  12.3639  -0.92548E+00  -0.91573E-01   0.27446E-01   0.45242E+01   0.43178E+01
  193     4.2705  12.3824  -0.93532E+00  -0.93153E-01   0.25866E-01   0.45103E+01   0.43055E+01
  194     4.3163  12.4006  -0.94530E+00  -0.94773E-01   0.24247E-01   0.44968E+01   0.42920E+01
  195     4.3625  12.4186  -0.95513E+00  -0.96345E-01   0.22674E-01   0.44832E+01   0.42796E+01
  196     4.4091  12.4364  -0.96498E+00  -0.97919E-01   0.21100E-01   0.44700E+01   0.42666E+01
  197     4.4561  12.4539  -0.97545E+00  -0.99687E-01   0.19333E-01   0.44578E+01   0.42488E+01
  198     4.5036  12.4713  -0.98565E+00  -0.10136E+00   0.17655E-01   0.44454E+01   0.42328E+01
  199     4.5514  12.4884  -0.99591E+00  -0.10306E+00   0.15959E-01   0.44333E+01   0.42174E+01
  200     4.5997  12.5053  -0.10063E+01  -0.10478E+00   0.14239E-01   0.44215E+01   0.41977E+01
  201     4.6484  12.5219  -0.10167E+01  -0.10652E+00   0.12498E-01   0.44100E+01   0.41860E+01
  202     4.6975  12.5384  -0.10272E+01  -0.10828E+00   0.10738E-01   0.43987E+01   0.41722E+01
  203     4.7470  12.5547  -0.10377E+01  -0.11006E+00   0.89577E-02   0.43877E+01   0.41425E+01
  204     4.7970  12.5707  -0.10484E+01  -0.11187E+00   0.71540E-02   0.43770E+01   0.41241E+01
  205     4.8474  12.5865  -0.10591E+01  -0.11369E+00   0.53309E-02   0.43666E+01   0.41036E+01
  206     4.8982  12.6022  -0.10698E+01  -0.11553E+00   0.34862E-02   0.43564E+01   0.40824E+01
  207     4.9495  12.6176  -0.10807E+01  -0.11739E+00   0.16253E-02   0.43464E+01   0.40609E+01
  208     5.0012  12.6329  -0.10916E+01  -0.11928E+00  -0.26226E-03   0.43368E+01   0.40386E+01
  209     5.0534  12.6479  -0.11026E+01  -0.12119E+00  -0.21706E-02   0.43273E+01   0.40153E+01
  210     5.1060  12.6628  -0.11137E+01  -0.12312E+00  -0.41011E-02   0.43181E+01   0.39920E+01
  211     5.1591  12.6774  -0.11249E+01  -0.12507E+00  -0.60541E-02   0.43092E+01   0.39673E+01
  212     5.2126  12.6919  -0.11361E+01  -0.12705E+00  -0.80265E-02   0.43005E+01   0.39424E+01
  213     5.2667  12.7062  -0.11474E+01  -0.12904E+00  -0.10022E-01   0.42920E+01   0.39176E+01
  214     5.3211  12.7203  -0.11588E+01  -0.13106E+00  -0.12042E-01   0.42837E+01   0.38916E+01
  215     5.3761  12.7342  -0.11702E+01  -0.13310E+00  -0.14083E-01   0.42757E+01   0.38652E+01
  216     5.4315  12.7480  -0.11817E+01  -0.13517E+00  -0.16146E-01   0.42679E+01   0.38384E+01
  217     5.4874  12.7615  -0.11934E+01  -0.13725E+00  -0.18233E-01   0.42602E+01   0.38111E+01
  218     5.5438  12.7749  -0.12050E+01  -0.13936E+00  -0.20337E-01   0.42528E+01   0.37831E+01
  219     5.6007  12.7882  -0.12168E+01  -0.14149E+00  -0.22475E-01   0.42456E+01   0.37543E+01
  220     5.6581  12.8012  -0.12286E+01  -0.14365E+00  -0.24630E-01   0.42386E+01   0.37252E+01
  221     5.7160  12.8141  -0.12406E+01  -0.14583E+00  -0.26814E-01   0.42318E+01   0.36956E+01
  222     5.7744  12.8269  -0.12526E+01  -0.14804E+00  -0.29020E-01   0.42252E+01   0.36666E+01
  223     5.8333  12.8394  -0.12647E+01  -0.15027E+00  -0.31251E-01   0.42188E+01   0.36361E+01
  224     5.8927  12.8518  -0.12768E+01  -0.15252E+00  -0.33501E-01   0.42125E+01   0.36048E+01
  225     5.9526  12.8641  -0.12891E+01  -0.15480E+00  -0.35779E-01   0.42064E+01   0.35741E+01
  226     6.0131  12.8762  -0.13014E+01  -0.15710E+00  -0.38079E-01   0.42006E+01   0.35419E+01
  227     6.0740  12.8881  -0.13138E+01  -0.15943E+00  -0.40407E-01   0.41948E+01   0.35097E+01
  228     6.1355  12.8999  -0.13263E+01  -0.16179E+00  -0.42767E-01   0.41893E+01   0.34768E+01
  229     6.1976  12.9115  -0.13388E+01  -0.16416E+00  -0.45137E-01   0.41838E+01   0.34444E+01
  230     6.2602  12.9230  -0.13515E+01  -0.16656E+00  -0.47542E-01   0.41786E+01   0.34110E+01
  231     6.3233  12.9343  -0.13642E+01  -0.16899E+00  -0.49971E-01   0.41735E+01   0.33777E+01
  232     6.3869  12.9455  -0.13770E+01  -0.17145E+00  -0.52427E-01   0.41685E+01   0.33431E+01
  233     6.4512  12.9565  -0.13899E+01  -0.17392E+00  -0.54904E-01   0.41637E+01   0.33087E+01
  234     6.5159  12.9674  -0.14029E+01  -0.17643E+00  -0.57411E-01   0.41591E+01   0.32748E+01
  235     6.5813  12.9782  -0.14160E+01  -0.17896E+00  -0.59945E-01   0.41546E+01   0.32394E+01
  236     6.6472  12.9888  -0.14291E+01  -0.18152E+00  -0.62503E-01   0.41502E+01   0.32045E+01
  237     6.7137  12.9993  -0.14424E+01  -0.18411E+00  -0.65090E-01   0.41459E+01   0.31687E+01
  238     6.7807  13.0097  -0.14557E+01  -0.18672E+00  -0.67702E-01   0.41417E+01   0.31332E+01
  239     6.8484  13.0199  -0.14691E+01  -0.18936E+00  -0.70343E-01   0.41377E+01   0.30967E+01
  240     6.9166  13.0300  -0.14826E+01  -0.19203E+00  -0.73011E-01   0.41338E+01   0.30608E+01
  241     6.9854  13.0399  -0.14962E+01  -0.19472E+00  -0.75703E-01   0.41300E+01   0.30243E+01
  242     7.0549  13.0498  -0.15098E+01  -0.19744E+00  -0.78424E-01   0.41264E+01   0.29877E+01
  243     7.1249  13.0595  -0.15236E+01  -0.20019E+00  -0.81170E-01   0.41228E+01   0.29508E+01
  244     7.1955  13.0690  -0.15374E+01  -0.20297E+00  -0.83948E-01   0.41193E+01   0.29143E+01
  245     7.2668  13.0785  -0.15513E+01  -0.20577E+00  -0.86748E-01   0.41160E+01   0.28770E+01
  246     7.3387  13.0878  -0.15653E+01  -0.20860E+00  -0.89585E-01   0.41127E+01   0.28398E+01
  247     7.4112  13.0970  -0.15794E+01  -0.21146E+00  -0.92445E-01   0.41096E+01   0.28029E+01
  248     7.4843  13.1061  -0.15936E+01  -0.21435E+00  -0.95335E-01   0.41065E+01   0.27655E+01
  249     7.5580  13.1151  -0.16079E+01  -0.21728E+00  -0.98258E-01   0.41036E+01   0.27281E+01
  250     7.6324  13.1240  -0.16223E+01  -0.22022E+00  -0.10120E+00   0.41007E+01   0.26900E+01
  251     7.7075  13.1327  -0.16368E+01  -0.22320E+00  -0.10418E+00   0.40979E+01   0.26521E+01
  252     7.7832  13.1414  -0.16513E+01  -0.22621E+00  -0.10719E+00   0.40952E+01   0.26148E+01
  253     7.8596  13.1499  -0.16660E+01  -0.22924E+00  -0.11023E+00   0.40926E+01   0.25767E+01
  254     7.9366  13.1583  -0.16807E+01  -0.23231E+00  -0.11329E+00   0.40900E+01   0.25390E+01
  255     8.0143  13.1666  -0.16955E+01  -0.23540E+00  -0.11638E+00   0.40875E+01   0.25013E+01
  256     8.0926  13.1748  -0.17104E+01  -0.23852E+00  -0.11950E+00   0.40851E+01   0.24638E+01
  257     8.1717  13.1829  -0.17254E+01  -0.24168E+00  -0.12266E+00   0.40828E+01   0.24257E+01
  258     8.2514  13.1909  -0.17406E+01  -0.24486E+00  -0.12584E+00   0.40805E+01   0.23882E+01
  259     8.3319  13.1988  -0.17558E+01  -0.24808E+00  -0.12906E+00   0.40784E+01   0.23510E+01
  260     8.4130  13.2066  -0.17711E+01  -0.25132E+00  -0.13231E+00   0.40762E+01   0.23130E+01
  261     8.4948  13.2143  -0.17864E+01  -0.25460E+00  -0.13558E+00   0.40742E+01   0.22760E+01
  262     8.5774  13.2219  -0.18019E+01  -0.25791E+00  -0.13889E+00   0.40722E+01   0.22387E+01
  263     8.6606  13.2293  -0.18175E+01  -0.26125E+00  -0.14223E+00   0.40702E+01   0.22010E+01
  264     8.7446  13.2367  -0.18332E+01  -0.26462E+00  -0.14560E+00   0.40684E+01   0.21642E+01
  265     8.8293  13.2440  -0.18490E+01  -0.26802E+00  -0.14900E+00   0.40665E+01   0.21270E+01
  266     8.9148  13.2512  -0.18648E+01  -0.27145E+00  -0.15243E+00   0.40648E+01   0.20905E+01
  267     9.0010  13.2584  -0.18808E+01  -0.27492E+00  -0.15590E+00   0.40630E+01   0.20537E+01
  268     9.0879  13.2654  -0.18969E+01  -0.27841E+00  -0.15939E+00   0.40614E+01   0.20172E+01
  269     9.1756  13.2723  -0.19130E+01  -0.28194E+00  -0.16292E+00   0.40598E+01   0.19809E+01
  270     9.2641  13.2792  -0.19293E+01  -0.28550E+00  -0.16649E+00   0.40582E+01   0.19444E+01
  271     9.3534  13.2859  -0.19457E+01  -0.28910E+00  -0.17008E+00   0.40567E+01   0.19086E+01
  272     9.4434  13.2926  -0.19621E+01  -0.29272E+00  -0.17370E+00   0.40552E+01   0.18730E+01
  273     9.5342  13.2992  -0.19787E+01  -0.29638E+00  -0.17736E+00   0.40537E+01   0.18376E+01
  274     9.6257  13.3056  -0.19953E+01  -0.30008E+00  -0.18106E+00   0.40524E+01   0.18021E+01
  275     9.7181  13.3121  -0.20121E+01  -0.30380E+00  -0.18478E+00   0.40510E+01   0.17670E+01
  276     9.8113  13.3184  -0.20290E+01  -0.30756E+00  -0.18854E+00   0.40497E+01   0.17326E+01
  277     9.9053  13.3246  -0.20459E+01  -0.31135E+00  -0.19233E+00   0.40484E+01   0.16978E+01
  278    10.0001  13.3308  -0.20630E+01  -0.31518E+00  -0.19616E+00   0.40472E+01   0.16639E+01
  279    10.0957  13.3369  -0.20802E+01  -0.31903E+00  -0.20001E+00   0.40460E+01   0.16302E+01
  280    10.1922  13.3429  -0.20974E+01  -0.32293E+00  -0.20391E+00   0.40448E+01   0.15963E+01
  281    10.2895  13.3488  -0.21148E+01  -0.32685E+00  -0.20783E+00   0.40437E+01   0.15628E+01
  282    10.3877  13.3547  -0.21323E+01  -0.33081E+00  -0.21179E+00   0.40426E+01   0.15301E+01
  283    10.4867  13.3605  -0.21499E+01  -0.33481E+00  -0.21579E+00   0.40415E+01   0.14973E+01
  284    10.5865  13.3662  -0.21676E+01  -0.33884E+00  -0.21982E+00   0.40405E+01   0.14654E+01
  285    10.6873  13.3718  -0.21853E+01  -0.34290E+00  -0.22388E+00   0.40395E+01   0.14333E+01
  286    10.7889  13.3774  -0.22033E+01  -0.34701E+00  -0.22799E+00   0.40385E+01   0.14015E+01
  287    10.8914  13.3829  -0.22213E+01  -0.35114E+00  -0.23212E+00   0.40375E+01   0.13703E+01
  288    10.9947  13.3883  -0.22394E+01  -0.35532E+00  -0.23630E+00   0.40366E+01   0.13395E+01
  289    11.0990  13.3936  -0.22576E+01  -0.35952E+00  -0.24050E+00   0.40357E+01   0.13088E+01
  290    11.2042  13.3989  -0.22760E+01  -0.36376E+00  -0.24474E+00   0.40348E+01   0.12788E+01
  291    11.3103  13.4041  -0.22944E+01  -0.36804E+00  -0.24902E+00   0.40340E+01   0.12487E+01
  292    11.4173  13.4093  -0.23130E+01  -0.37236E+00  -0.25334E+00   0.40332E+01   0.12195E+01
  293    11.5253  13.4143  -0.23316E+01  -0.37670E+00  -0.25768E+00   0.40324E+01   0.11905E+01
  294    11.6342  13.4193  -0.23504E+01  -0.38110E+00  -0.26208E+00   0.40316E+01   0.11616E+01
  295    11.7440  13.4243  -0.23693E+01  -0.38552E+00  -0.26650E+00   0.40308E+01   0.11334E+01
  296    11.8548  13.4292  -0.23883E+01  -0.38998E+00  -0.27096E+00   0.40301E+01   0.11057E+01
  297    11.9666  13.4340  -0.24074E+01  -0.39448E+00  -0.27546E+00   0.40294E+01   0.10778E+01
  298    12.0793  13.4388  -0.24266E+01  -0.39901E+00  -0.27999E+00   0.40287E+01   0.10510E+01
  299    12.1930  13.4435  -0.24459E+01  -0.40358E+00  -0.28456E+00   0.40280E+01   0.10244E+01
  300    12.3077  13.4481  -0.24654E+01  -0.40819E+00  -0.28917E+00   0.40273E+01   0.99806E+00
  301    12.4234  13.4527  -0.24849E+01  -0.41284E+00  -0.29382E+00   0.40267E+01   0.97213E+00
  302    12.5401  13.4572  -0.25046E+01  -0.41753E+00  -0.29851E+00   0.40261E+01   0.94703E+00
  303    12.6578  13.4616  -0.25244E+01  -0.42225E+00  -0.30323E+00   0.40255E+01   0.92188E+00
  304    12.7766  13.4660  -0.25443E+01  -0.42701E+00  -0.30799E+00   0.40249E+01   0.89715E+00
  305    12.8963  13.4704  -0.25643E+01  -0.43181E+00  -0.31279E+00   0.40243E+01   0.87295E+00
  306    13.0172  13.4747  -0.25844E+01  -0.43665E+00  -0.31763E+00   0.40238E+01   0.84927E+00
  307    13.1390  13.4789  -0.26047E+01  -0.44152E+00  -0.32250E+00   0.40232E+01   0.82589E+00
  308    13.2619  13.4831  -0.26250E+01  -0.44644E+00  -0.32742E+00   0.40227E+01   0.80272E+00
  309    13.3859  13.4872  -0.26455E+01  -0.45140E+00  -0.33238E+00   0.40222E+01   0.78056E+00
  310    13.5110  13.4913  -0.26661E+01  -0.45639E+00  -0.33737E+00   0.40217E+01   0.75852E+00
  311    13.6372  13.4953  -0.26869E+01  -0.46143E+00  -0.34241E+00   0.40212E+01   0.73682E+00
  312    13.7644  13.4993  -0.27077E+01  -0.46649E+00  -0.34747E+00   0.40207E+01   0.71563E+00
  313    13.8928  13.5032  -0.27286E+01  -0.47161E+00  -0.35259E+00   0.40203E+01   0.69377E+00
  314    14.0223  13.5071  -0.27497E+01  -0.47677E+00  -0.35775E+00   0.40198E+01   0.67446E+00
  315    14.1529  13.5109  -0.27709E+01  -0.48196E+00  -0.36294E+00   0.40194E+01   0.65440E+00
  316    14.2846  13.5146  -0.27923E+01  -0.48721E+00  -0.36819E+00   0.40190E+01   0.63477E+00
  317    14.4175  13.5184  -0.28136E+01  -0.49244E+00  -0.37342E+00   0.40185E+01   0.61553E+00
  318    14.5515  13.5220  -0.28353E+01  -0.49778E+00  -0.37877E+00   0.40182E+01   0.59680E+00
  319    14.6867  13.5257  -0.28570E+01  -0.50314E+00  -0.38413E+00   0.40178E+01   0.57891E+00
  320    14.8231  13.5292  -0.28788E+01  -0.50854E+00  -0.38952E+00   0.40174E+01   0.56018E+00
  321    14.9607  13.5328  -0.29007E+01  -0.51398E+00  -0.39496E+00   0.40170E+01   0.54277E+00
  322    15.0994  13.5363  -0.29228E+01  -0.51947E+00  -0.40045E+00   0.40166E+01   0.52556E+00
  323    15.2394  13.5397  -0.29450E+01  -0.52498E+00  -0.40597E+00   0.40163E+01   0.50880E+00
  324    15.3806  13.5431  -0.29673E+01  -0.53056E+00  -0.41154E+00   0.40159E+01   0.49232E+00
  325    15.5230  13.5464  -0.29898E+01  -0.53616E+00  -0.41714E+00   0.40156E+01   0.47626E+00
  326    15.6666  13.5498  -0.30124E+01  -0.54181E+00  -0.42279E+00   0.40153E+01   0.46073E+00
  327    15.8115  13.5530  -0.30351E+01  -0.54750E+00  -0.42848E+00   0.40150E+01   0.44547E+00
  328    15.9577  13.5562  -0.30579E+01  -0.55324E+00  -0.43422E+00   0.40147E+01   0.43071E+00
  329    16.1051  13.5594  -0.30809E+01  -0.55902E+00  -0.44000E+00   0.40144E+01   0.41624E+00
  330    16.2538  13.5626  -0.31039E+01  -0.56483E+00  -0.44581E+00   0.40141E+01   0.40212E+00
  331    16.4038  13.5657  -0.31272E+01  -0.57070E+00  -0.45168E+00   0.40138E+01   0.38834E+00
  332    16.5551  13.5687  -0.31505E+01  -0.57662E+00  -0.45760E+00   0.40135E+01   0.37485E+00
  333    16.7078  13.5717  -0.31740E+01  -0.58256E+00  -0.46354E+00   0.40132E+01   0.36183E+00
  334    16.8617  13.5747  -0.31976E+01  -0.58856E+00  -0.46954E+00   0.40130E+01   0.34914E+00
  335    17.0170  13.5777  -0.32214E+01  -0.59460E+00  -0.47558E+00   0.40127E+01   0.33663E+00
  336    17.1736  13.5806  -0.32453E+01  -0.60069E+00  -0.48167E+00   0.40124E+01   0.32479E+00
  337    17.3316  13.5835  -0.32693E+01  -0.60682E+00  -0.48780E+00   0.40122E+01   0.31297E+00
  338    17.4910  13.5863  -0.32934E+01  -0.61299E+00  -0.49397E+00   0.40120E+01   0.30154E+00
  339    17.6518  13.5891  -0.33177E+01  -0.61921E+00  -0.50019E+00   0.40117E+01   0.29054E+00
  340    17.8139  13.5918  -0.33422E+01  -0.62548E+00  -0.50646E+00   0.40115E+01   0.27967E+00
  341    17.9775  13.5946  -0.33667E+01  -0.63178E+00  -0.51276E+00   0.40113E+01   0.26942E+00
  342    18.1425  13.5972  -0.33914E+01  -0.63814E+00  -0.51912E+00   0.40110E+01   0.25920E+00
  343    18.3089  13.5999  -0.34163E+01  -0.64455E+00  -0.52553E+00   0.40108E+01   0.24936E+00
  344    18.4768  13.6025  -0.34413E+01  -0.65101E+00  -0.53199E+00   0.40106E+01   0.23982E+00
  345    18.6461  13.6051  -0.34664E+01  -0.65750E+00  -0.53848E+00   0.40104E+01   0.23060E+00
  346    18.8169  13.6077  -0.34916E+01  -0.66403E+00  -0.54501E+00   0.40102E+01   0.22170E+00
  347    18.9892  13.6102  -0.35170E+01  -0.67062E+00  -0.55160E+00   0.40100E+01   0.21297E+00
  348    19.1630  13.6127  -0.35425E+01  -0.67725E+00  -0.55823E+00   0.40098E+01   0.20451E+00
  349    19.3383  13.6151  -0.35682E+01  -0.68394E+00  -0.56492E+00   0.40097E+01   0.19647E+00
  350    19.5151  13.6175  -0.35940E+01  -0.69066E+00  -0.57164E+00   0.40095E+01   0.18852E+00
  351    19.6934  13.6199  -0.36200E+01  -0.69744E+00  -0.57842E+00   0.40093E+01   0.18090E+00
  352    19.8734  13.6223  -0.36461E+01  -0.70427E+00  -0.58525E+00   0.40091E+01   0.17351E+00
  353    20.0548  13.6246  -0.36724E+01  -0.71114E+00  -0.59212E+00   0.40090E+01   0.16636E+00
  354    20.2379  13.6269  -0.36987E+01  -0.71816E+00  -0.59914E+00   0.40000E+01   0.15954E+00
  355    20.4225  13.6292  -0.37253E+01  -0.72513E+00  -0.60611E+00   0.40000E+01   0.15284E+00
  356    20.6088  13.6314  -0.37520E+01  -0.73215E+00  -0.61313E+00   0.40000E+01   0.14641E+00
  357    20.7966  13.6337  -0.37788E+01  -0.73921E+00  -0.62020E+00   0.40000E+01   0.14021E+00
  358    20.9861  13.6358  -0.38058E+01  -0.74633E+00  -0.62731E+00   0.40000E+01   0.13423E+00
  359    21.1773  13.6380  -0.38329E+01  -0.75350E+00  -0.63448E+00   0.40000E+01   0.12845E+00
  360    21.3701  13.6401  -0.38602E+01  -0.76071E+00  -0.64169E+00   0.40000E+01   0.12285E+00
  361    21.5646  13.6422  -0.38876E+01  -0.76797E+00  -0.64895E+00   0.40000E+01   0.11748E+00
  362    21.7607  13.6443  -0.39152E+01  -0.77529E+00  -0.65627E+00   0.40000E+01   0.11230E+00
  363    21.9586  13.6463  -0.39430E+01  -0.78265E+00  -0.66363E+00   0.40000E+01   0.10734E+00
  364    22.1582  13.6484  -0.39708E+01  -0.79006E+00  -0.67104E+00   0.40000E+01   0.10250E+00
  365    22.3596  13.6504  -0.39989E+01  -0.79753E+00  -0.67851E+00   0.40000E+01   0.97912E-01
  366    22.5626  13.6523  -0.40270E+01  -0.80504E+00  -0.68602E+00   0.40000E+01   0.93451E-01
  367    22.7675  13.6543  -0.40554E+01  -0.81261E+00  -0.69359E+00   0.40000E+01   0.89201E-01
  368    22.9741  13.6562  -0.40839E+01  -0.82023E+00  -0.70121E+00   0.40000E+01   0.85083E-01
  369    23.1825  13.6581  -0.41126E+01  -0.82790E+00  -0.70888E+00   0.40000E+01   0.81125E-01
  370    23.3928  13.6600  -0.41414E+01  -0.83562E+00  -0.71660E+00   0.40000E+01   0.77331E-01
  371    23.6049  13.6618  -0.41703E+01  -0.84339E+00  -0.72437E+00   0.40000E+01   0.73640E-01
  372    23.8188  13.6636  -0.41995E+01  -0.85124E+00  -0.73222E+00   0.40000E+01   0.70157E-01
  373    24.0345  13.6654  -0.42286E+01  -0.85907E+00  -0.74005E+00   0.40000E+01   0.66821E-01
  374    24.2522  13.6672  -0.42582E+01  -0.86704E+00  -0.74802E+00   0.40000E+01   0.63556E-01
  375    24.4717  13.6689  -0.42877E+01  -0.87502E+00  -0.75600E+00   0.40000E+01   0.60524E-01
  376    24.6932  13.6707  -0.43175E+01  -0.88306E+00  -0.76404E+00   0.40000E+01   0.57516E-01
  377    24.9166  13.6724  -0.43474E+01  -0.89116E+00  -0.77214E+00   0.40000E+01   0.54690E-01
  378    25.1419  13.6741  -0.43774E+01  -0.89928E+00  -0.78026E+00   0.40000E+01   0.51997E-01
  379    25.3691  13.6757  -0.44077E+01  -0.90749E+00  -0.78847E+00   0.40000E+01   0.49343E-01
  380    25.5984  13.6774  -0.44380E+01  -0.91572E+00  -0.79670E+00   0.40000E+01   0.46913E-01
  381    25.8296  13.6790  -0.44686E+01  -0.92404E+00  -0.80502E+00   0.40000E+01   0.44529E-01
  382    26.0629  13.6806  -0.44994E+01  -0.93240E+00  -0.81338E+00   0.40000E+01   0.42258E-01
  383    26.2982  13.6822  -0.45302E+01  -0.94081E+00  -0.82179E+00   0.40000E+01   0.40061E-01
  384    26.5355  13.6837  -0.45613E+01  -0.94927E+00  -0.83026E+00   0.40000E+01   0.37995E-01
  385    26.7749  13.6853  -0.45924E+01  -0.95779E+00  -0.83878E+00   0.40000E+01   0.36022E-01
  386    27.0164  13.6868  -0.46238E+01  -0.96638E+00  -0.84736E+00   0.40000E+01   0.34118E-01
  387    27.2599  13.6883  -0.46554E+01  -0.97501E+00  -0.85599E+00   0.40000E+01   0.32317E-01
  388    27.5056  13.6898  -0.46871E+01  -0.98370E+00  -0.86468E+00   0.40000E+01   0.30591E-01
  389    27.7534  13.6912  -0.47189E+01  -0.99244E+00  -0.87342E+00   0.40000E+01   0.28941E-01
  390    28.0034  13.6927  -0.47510E+01  -0.10012E+01  -0.88223E+00   0.40000E+01   0.27398E-01
  391    28.2556  13.6941  -0.47832E+01  -0.10101E+01  -0.89108E+00   0.40000E+01   0.25901E-01
  392    28.5099  13.6955  -0.48156E+01  -0.10190E+01  -0.89999E+00   0.40000E+01   0.24483E-01
  393    28.7665  13.6969  -0.48481E+01  -0.10280E+01  -0.90896E+00   0.40000E+01   0.23143E-01
  394    29.0253  13.6982  -0.48808E+01  -0.10370E+01  -0.91799E+00   0.40000E+01   0.21853E-01
  395    29.2863  13.6996  -0.49138E+01  -0.10461E+01  -0.92708E+00   0.40000E+01   0.20627E-01
  396    29.5496  13.7009  -0.49468E+01  -0.10552E+01  -0.93622E+00   0.40000E+01   0.19462E-01
  397    29.8152  13.7022  -0.49801E+01  -0.10644E+01  -0.94542E+00   0.40000E+01   0.18366E-01
  398    30.0831  13.7035  -0.50135E+01  -0.10737E+01  -0.95468E+00   0.40000E+01   0.17314E-01
  399    30.3534  13.7048  -0.50471E+01  -0.10830E+01  -0.96400E+00   0.40000E+01   0.16324E-01
  400    30.6259  13.7061  -0.50808E+01  -0.10924E+01  -0.97336E+00   0.40000E+01   0.15371E-01
