    1     0.0001   0.0015  -0.15259E-04  -0.12166E-05   0.16168E+00   0.20658E+02   0.26446E-02
    2     0.0088   0.1269  -0.72182E-03   0.47938E-04   0.16173E+00   0.20517E+02   0.13727E-02
    3     0.0176   0.2519  -0.15092E-02   0.84691E-04   0.16176E+00   0.20378E+02   0.14575E-02
    4     0.0264   0.3763  -0.23308E-02   0.12056E-03   0.16180E+00   0.20240E+02   0.15174E-02
    5     0.0353   0.5002  -0.31881E-02   0.15477E-03   0.16183E+00   0.20102E+02   0.15733E-02
    6     0.0443   0.6235  -0.40706E-02   0.18975E-03   0.16187E+00   0.19965E+02   0.16236E-02
    7     0.0534   0.7463  -0.49762E-02   0.22629E-03   0.16191E+00   0.19829E+02   0.16707E-02
    8     0.0626   0.8685  -0.59043E-02   0.26328E-03   0.16194E+00   0.19693E+02   0.17158E-02
    9     0.0718   0.9902  -0.68543E-02   0.30219E-03   0.16198E+00   0.19558E+02   0.17601E-02
   10     0.0811   1.1112  -0.78258E-02   0.34239E-03   0.16202E+00   0.19423E+02   0.18027E-02
   11     0.0905   1.2318  -0.88174E-02   0.38418E-03   0.16206E+00   0.19289E+02   0.18455E-02
   12     0.1000   1.3517  -0.98298E-02   0.42763E-03   0.16211E+00   0.19156E+02   0.18883E-02
   13     0.1096   1.4710  -0.10862E-01   0.47237E-03   0.16215E+00   0.19023E+02   0.19308E-02
   14     0.1192   1.5898  -0.11914E-01   0.51865E-03   0.16220E+00   0.18890E+02   0.19734E-02
   15     0.1290   1.7079  -0.12985E-01   0.56658E-03   0.16225E+00   0.18758E+02   0.20161E-02
   16     0.1388   1.8254  -0.14085E-01   0.61431E-03   0.16229E+00   0.18627E+02   0.20608E-02
   17     0.1487   1.9423  -0.15194E-01   0.66564E-03   0.16234E+00   0.18496E+02   0.21034E-02
   18     0.1587   2.0586  -0.16323E-01   0.71857E-03   0.16240E+00   0.18365E+02   0.21471E-02
   19     0.1687   2.1743  -0.17472E-01   0.77284E-03   0.16245E+00   0.18236E+02   0.21912E-02
   20     0.1789   2.2893  -0.18640E-01   0.82813E-03   0.16251E+00   0.18106E+02   0.22354E-02
   21     0.1891   2.4037  -0.19828E-01   0.88486E-03   0.16256E+00   0.17978E+02   0.22802E-02
   22     0.1995   2.5174  -0.21036E-01   0.94231E-03   0.16262E+00   0.17849E+02   0.23256E-02
   23     0.2099   2.6305  -0.22263E-01   0.10014E-02   0.16268E+00   0.17722E+02   0.23717E-02
   24     0.2204   2.7429  -0.23505E-01   0.10627E-02   0.16274E+00   0.17595E+02   0.23873E-02
   25     0.2310   2.8547  -0.24773E-01   0.11233E-02   0.16280E+00   0.17468E+02   0.24654E-02
   26     0.2417   2.9657  -0.26062E-01   0.11846E-02   0.16286E+00   0.17343E+02   0.25130E-02
   27     0.2525   3.0761  -0.27372E-01   0.12469E-02   0.16293E+00   0.17217E+02   0.25614E-02
   28     0.2634   3.1859  -0.28703E-01   0.13095E-02   0.16299E+00   0.17093E+02   0.26103E-02
   29     0.2744   3.2949  -0.30055E-01   0.13727E-02   0.16305E+00   0.16969E+02   0.26598E-02
   30     0.2855   3.4033  -0.31430E-01   0.14364E-02   0.16312E+00   0.16845E+02   0.27101E-02
   31     0.2967   3.5110  -0.32824E-01   0.15002E-02   0.16318E+00   0.16723E+02   0.27609E-02
   32     0.3079   3.6179  -0.34241E-01   0.15644E-02   0.16324E+00   0.16601E+02   0.28123E-02
   33     0.3193   3.7242  -0.35680E-01   0.16289E-02   0.16331E+00   0.16479E+02   0.28646E-02
   34     0.3308   3.8297  -0.37139E-01   0.16937E-02   0.16337E+00   0.16358E+02   0.29173E-02
   35     0.3423   3.9346  -0.38620E-01   0.17584E-02   0.16344E+00   0.16238E+02   0.29713E-02
   36     0.3540   4.0387  -0.40122E-01   0.18240E-02   0.16350E+00   0.16118E+02   0.30255E-02
   37     0.3658   4.1421  -0.41646E-01   0.18902E-02   0.16357E+00   0.15999E+02   0.30809E-02
   38     0.3777   4.2448  -0.43191E-01   0.19560E-02   0.16364E+00   0.15881E+02   0.31370E-02
   39     0.3896   4.3467  -0.44757E-01   0.20224E-02   0.16370E+00   0.15763E+02   0.31935E-02
   40     0.4017   4.4480  -0.46345E-01   0.20882E-02   0.16377E+00   0.15646E+02   0.32511E-02
   41     0.4139   4.5485  -0.47956E-01   0.21540E-02   0.16383E+00   0.15530E+02   0.33097E-02
   42     0.4262   4.6482  -0.49590E-01   0.22197E-02   0.16390E+00   0.15414E+02   0.33688E-02
   43     0.4386   4.7472  -0.51246E-01   0.22849E-02   0.16396E+00   0.15299E+02   0.34287E-02
   44     0.4511   4.8455  -0.52925E-01   0.23494E-02   0.16403E+00   0.15185E+02   0.34894E-02
   45     0.4637   4.9431  -0.54627E-01   0.24132E-02   0.16409E+00   0.15071E+02   0.35511E-02
   46     0.4764   5.0398  -0.56353E-01   0.24763E-02   0.16416E+00   0.14958E+02   0.36133E-02
   47     0.4893   5.1359  -0.58102E-01   0.25387E-02   0.16422E+00   0.14846E+02   0.36766E-02
   48     0.5022   5.2312  -0.59875E-01   0.26000E-02   0.16428E+00   0.14734E+02   0.37405E-02
   49     0.5153   5.3257  -0.61673E-01   0.26608E-02   0.16434E+00   0.14623E+02   0.38056E-02
   50     0.5285   5.4195  -0.63495E-01   0.27204E-02   0.16440E+00   0.14513E+02   0.38713E-02
   51     0.5417   5.5125  -0.65342E-01   0.27790E-02   0.16446E+00   0.14403E+02   0.39386E-02
   52     0.5552   5.6048  -0.67214E-01   0.28367E-02   0.16452E+00   0.14294E+02   0.40063E-02
   53     0.5687   5.6963  -0.69110E-01   0.28934E-02   0.16457E+00   0.14186E+02   0.40754E-02
   54     0.5823   5.7871  -0.71031E-01   0.29488E-02   0.16463E+00   0.14078E+02   0.41453E-02
   55     0.5961   5.8771  -0.72976E-01   0.30032E-02   0.16468E+00   0.13972E+02   0.42158E-02
   56     0.6099   5.9663  -0.74945E-01   0.30563E-02   0.16474E+00   0.13865E+02   0.42873E-02
   57     0.6239   6.0548  -0.76939E-01   0.31087E-02   0.16479E+00   0.13760E+02   0.43596E-02
   58     0.6381   6.1425  -0.78957E-01   0.31597E-02   0.16484E+00   0.13655E+02   0.44331E-02
   59     0.6523   6.2295  -0.81001E-01   0.32099E-02   0.16489E+00   0.13551E+02   0.45077E-02
   60     0.6667   6.3157  -0.83071E-01   0.32583E-02   0.16494E+00   0.13448E+02   0.45831E-02
   61     0.6812   6.4011  -0.85168E-01   0.33048E-02   0.16498E+00   0.13346E+02   0.46593E-02
   62     0.6958   6.4858  -0.87293E-01   0.33490E-02   0.16503E+00   0.13244E+02   0.47368E-02
   63     0.7105   6.5697  -0.89446E-01   0.33916E-02   0.16507E+00   0.13143E+02   0.48152E-02
   64     0.7254   6.6529  -0.91626E-01   0.34315E-02   0.16511E+00   0.13042E+02   0.48940E-02
   65     0.7404   6.7353  -0.93832E-01   0.34702E-02   0.16515E+00   0.12943E+02   0.49746E-02
   66     0.7555   6.8170  -0.96064E-01   0.35071E-02   0.16519E+00   0.12844E+02   0.50557E-02
   67     0.7708   6.8979  -0.98320E-01   0.35429E-02   0.16522E+00   0.12745E+02   0.51378E-02
   68     0.7862   6.9781  -0.10060E+00   0.35771E-02   0.16526E+00   0.12648E+02   0.52209E-02
   69     0.8017   7.0575  -0.10290E+00   0.36101E-02   0.16529E+00   0.12551E+02   0.53051E-02
   70     0.8174   7.1361  -0.10524E+00   0.36405E-02   0.16532E+00   0.12455E+02   0.53906E-02
   71     0.8332   7.2140  -0.10760E+00   0.36697E-02   0.16535E+00   0.12359E+02   0.54769E-02
   72     0.8491   7.2912  -0.10999E+00   0.36955E-02   0.16537E+00   0.12265E+02   0.55643E-02
   73     0.8652   7.3676  -0.11241E+00   0.37182E-02   0.16540E+00   0.12171E+02   0.56526E-02
   74     0.8814   7.4433  -0.11486E+00   0.37385E-02   0.16542E+00   0.12078E+02   0.57419E-02
   75     0.8977   7.5182  -0.11734E+00   0.37562E-02   0.16544E+00   0.11985E+02   0.58323E-02
   76     0.9142   7.5924  -0.11984E+00   0.37720E-02   0.16545E+00   0.11893E+02   0.59240E-02
   77     0.9309   7.6659  -0.12237E+00   0.37860E-02   0.16547E+00   0.11802E+02   0.60165E-02
   78     0.9477   7.7386  -0.12492E+00   0.37989E-02   0.16548E+00   0.11712E+02   0.61103E-02
   79     0.9646   7.8107  -0.12750E+00   0.38091E-02   0.16549E+00   0.11622E+02   0.62051E-02
   80     0.9817   7.8820  -0.13010E+00   0.38158E-02   0.16550E+00   0.11533E+02   0.63008E-02
   81     0.9989   7.9525  -0.13275E+00   0.38187E-02   0.16550E+00   0.11444E+02   0.63978E-02
   82     1.0163   8.0224  -0.13543E+00   0.38179E-02   0.16550E+00   0.11357E+02   0.64958E-02
   83     1.0338   8.0915  -0.13814E+00   0.38123E-02   0.16549E+00   0.11270E+02   0.65945E-02
   84     1.0515   8.1600  -0.14088E+00   0.38032E-02   0.16548E+00   0.11184E+02   0.66942E-02
   85     1.0693   8.2277  -0.14366E+00   0.37913E-02   0.16547E+00   0.11099E+02   0.67937E-02
   86     1.0873   8.2947  -0.14646E+00   0.37769E-02   0.16546E+00   0.11014E+02   0.68943E-02
   87     1.1055   8.3610  -0.14928E+00   0.37602E-02   0.16544E+00   0.10930E+02   0.69955E-02
   88     1.1238   8.4267  -0.15214E+00   0.37399E-02   0.16542E+00   0.10847E+02   0.70979E-02
   89     1.1423   8.4916  -0.15503E+00   0.37163E-02   0.16540E+00   0.10764E+02   0.72027E-02
   90     1.1609   8.5559  -0.15794E+00   0.36888E-02   0.16537E+00   0.10682E+02   0.73092E-02
   91     1.1797   8.6194  -0.16090E+00   0.36572E-02   0.16534E+00   0.10601E+02   0.74178E-02
   92     1.1986   8.6823  -0.16388E+00   0.36221E-02   0.16530E+00   0.10520E+02   0.75272E-02
   93     1.2177   8.7445  -0.16689E+00   0.35830E-02   0.16526E+00   0.10440E+02   0.76371E-02
   94     1.2370   8.8061  -0.16993E+00   0.35403E-02   0.16522E+00   0.10361E+02   0.77473E-02
   95     1.2565   8.8669  -0.17301E+00   0.34938E-02   0.16517E+00   0.10282E+02   0.78573E-02
   96     1.2761   8.9272  -0.17611E+00   0.34438E-02   0.16512E+00   0.10205E+02   0.79687E-02
   97     1.2959   8.9867  -0.17925E+00   0.33901E-02   0.16507E+00   0.10127E+02   0.80805E-02
   98     1.3158   9.0456  -0.18242E+00   0.33317E-02   0.16501E+00   0.10051E+02   0.81944E-02
   99     1.3360   9.1039  -0.18562E+00   0.32690E-02   0.16495E+00   0.99749E+01   0.83102E-02
  100     1.3563   9.1615  -0.18885E+00   0.32018E-02   0.16488E+00   0.98996E+01   0.84273E-02
  101     1.3767   9.2185  -0.19212E+00   0.31296E-02   0.16481E+00   0.98251E+01   0.85452E-02
  102     1.3974   9.2748  -0.19543E+00   0.30525E-02   0.16473E+00   0.97512E+01   0.86636E-02
  103     1.4183   9.3305  -0.19877E+00   0.29700E-02   0.16465E+00   0.96780E+01   0.87819E-02
  104     1.4393   9.3856  -0.20214E+00   0.28818E-02   0.16456E+00   0.96054E+01   0.89001E-02
  105     1.4605   9.4401  -0.20555E+00   0.27890E-02   0.16447E+00   0.95335E+01   0.90194E-02
  106     1.4819   9.4940  -0.20899E+00   0.26923E-02   0.16437E+00   0.94621E+01   0.91400E-02
  107     1.5035   9.5472  -0.21245E+00   0.25938E-02   0.16427E+00   0.93914E+01   0.92618E-02
  108     1.5252   9.5999  -0.21593E+00   0.24939E-02   0.16417E+00   0.93211E+01   0.93855E-02
  109     1.5472   9.6519  -0.21944E+00   0.23908E-02   0.16407E+00   0.92515E+01   0.95099E-02
  110     1.5693   9.7034  -0.22299E+00   0.22793E-02   0.16396E+00   0.91825E+01   0.96343E-02
  111     1.5917   9.7542  -0.22660E+00   0.21556E-02   0.16383E+00   0.91143E+01   0.97583E-02
  112     1.6142   9.8045  -0.23028E+00   0.20203E-02   0.16370E+00   0.90470E+01   0.98835E-02
  113     1.6369   9.8542  -0.23399E+00   0.18786E-02   0.16356E+00   0.89802E+01   0.10010E-01
  114     1.6598   9.9033  -0.23772E+00   0.17355E-02   0.16341E+00   0.89141E+01   0.10140E-01
  115     1.6830   9.9519  -0.24147E+00   0.15917E-02   0.16327E+00   0.88483E+01   0.10271E-01
  116     1.7063   9.9999  -0.24524E+00   0.14448E-02   0.16312E+00   0.87831E+01   0.10400E-01
  117     1.7298  10.0473  -0.24905E+00   0.12920E-02   0.16297E+00   0.87186E+01   0.10520E-01
  118     1.7536  10.0942  -0.25290E+00   0.11315E-02   0.16281E+00   0.86546E+01   0.10639E-01
  119     1.7775  10.1405  -0.25680E+00   0.96267E-03   0.16264E+00   0.85913E+01   0.10762E-01
  120     1.8016  10.1863  -0.26073E+00   0.78565E-03   0.16247E+00   0.85286E+01   0.10897E-01
  121     1.8260  10.2316  -0.26472E+00   0.60123E-03   0.16228E+00   0.84665E+01   0.11041E-01
  122     1.8506  10.2763  -0.26873E+00   0.41077E-03   0.16209E+00   0.84050E+01   0.11184E-01
  123     1.8753  10.3205  -0.27277E+00   0.21609E-03   0.16190E+00   0.83439E+01   0.11322E-01
  124     1.9003  10.3642  -0.27684E+00   0.17757E-04   0.16170E+00   0.82834E+01   0.11457E-01
  125     1.9256  10.4073  -0.28095E+00  -0.18714E-03   0.16149E+00   0.82235E+01   0.11592E-01
  126     1.9510  10.4499  -0.28511E+00  -0.40095E-03   0.16128E+00   0.81642E+01   0.11728E-01
  127     1.9766  10.4921  -0.28930E+00  -0.62228E-03   0.16106E+00   0.81054E+01   0.11862E-01
  128     2.0025  10.5337  -0.29353E+00  -0.84859E-03   0.16083E+00   0.80472E+01   0.11996E-01
  129     2.0286  10.5748  -0.29778E+00  -0.10803E-02   0.16060E+00   0.79895E+01   0.12130E-01
  130     2.0550  10.6155  -0.30209E+00  -0.13214E-02   0.16036E+00   0.79324E+01   0.12267E-01
  131     2.0815  10.6556  -0.30646E+00  -0.15789E-02   0.16010E+00   0.78760E+01   0.12404E-01
  132     2.1083  10.6953  -0.31089E+00  -0.18481E-02   0.15983E+00   0.78202E+01   0.12542E-01
  133     2.1353  10.7345  -0.31531E+00  -0.21102E-02   0.15957E+00   0.77645E+01   0.12680E-01
  134     2.1626  10.7732  -0.31965E+00  -0.23494E-02   0.15933E+00   0.77089E+01   0.12821E-01
  135     2.1901  10.8115  -0.32400E+00  -0.25841E-02   0.15910E+00   0.76537E+01   0.12963E-01
  136     2.2178  10.8492  -0.32847E+00  -0.28522E-02   0.15883E+00   0.75995E+01   0.13101E-01
  137     2.2458  10.8866  -0.33317E+00  -0.31779E-02   0.15850E+00   0.75467E+01   0.13236E-01
  138     2.2740  10.9235  -0.33798E+00  -0.35301E-02   0.15815E+00   0.74948E+01   0.13370E-01
  139     2.3025  10.9599  -0.34273E+00  -0.38648E-02   0.15781E+00   0.74430E+01   0.13507E-01
  140     2.3312  10.9959  -0.34742E+00  -0.41792E-02   0.15750E+00   0.73912E+01   0.13646E-01
  141     2.3602  11.0314  -0.35214E+00  -0.44964E-02   0.15718E+00   0.73399E+01   0.13786E-01
  142     2.3894  11.0665  -0.35693E+00  -0.48308E-02   0.15685E+00   0.72892E+01   0.13927E-01
  143     2.4188  11.1012  -0.36178E+00  -0.51787E-02   0.15650E+00   0.72391E+01   0.14066E-01
  144     2.4486  11.1355  -0.36667E+00  -0.55368E-02   0.15614E+00   0.71892E+01   0.14201E-01
  145     2.4785  11.1693  -0.37159E+00  -0.59021E-02   0.15578E+00   0.71396E+01   0.14334E-01
  146     2.5088  11.2027  -0.37655E+00  -0.62757E-02   0.15540E+00   0.70906E+01   0.14477E-01
  147     2.5393  11.2358  -0.38156E+00  -0.66554E-02   0.15502E+00   0.70423E+01   0.14636E-01
  148     2.5701  11.2684  -0.38661E+00  -0.70450E-02   0.15463E+00   0.69945E+01   0.14793E-01
  149     2.6011  11.3006  -0.39170E+00  -0.74441E-02   0.15424E+00   0.69472E+01   0.14924E-01
  150     2.6324  11.3324  -0.39684E+00  -0.78530E-02   0.15383E+00   0.69003E+01   0.15038E-01
  151     2.6640  11.3638  -0.40202E+00  -0.82704E-02   0.15341E+00   0.68539E+01   0.15159E-01
  152     2.6958  11.3948  -0.40725E+00  -0.86971E-02   0.15298E+00   0.68080E+01   0.15296E-01
  153     2.7280  11.4255  -0.41252E+00  -0.91329E-02   0.15255E+00   0.67625E+01   0.15437E-01
  154     2.7604  11.4557  -0.41783E+00  -0.95795E-02   0.15210E+00   0.67175E+01   0.15573E-01
  155     2.7931  11.4856  -0.42320E+00  -0.10037E-01   0.15164E+00   0.66730E+01   0.15704E-01
  156     2.8260  11.5151  -0.42861E+00  -0.10506E-01   0.15117E+00   0.66289E+01   0.15837E-01
  157     2.8593  11.5443  -0.43406E+00  -0.10981E-01   0.15070E+00   0.65853E+01   0.15970E-01
  158     2.8929  11.5731  -0.43955E+00  -0.11465E-01   0.15021E+00   0.65421E+01   0.16104E-01
  159     2.9267  11.6015  -0.44511E+00  -0.11965E-01   0.14971E+00   0.64994E+01   0.16235E-01
  160     2.9608  11.6296  -0.45073E+00  -0.12481E-01   0.14920E+00   0.64572E+01   0.16365E-01
  161     2.9953  11.6573  -0.45638E+00  -0.13001E-01   0.14868E+00   0.64154E+01   0.16495E-01
  162     3.0300  11.6847  -0.46203E+00  -0.13522E-01   0.14816E+00   0.63739E+01   0.16624E-01
  163     3.0651  11.7117  -0.46774E+00  -0.14054E-01   0.14763E+00   0.63328E+01   0.16753E-01
  164     3.1004  11.7384  -0.47352E+00  -0.14602E-01   0.14708E+00   0.62924E+01   0.16880E-01
  165     3.1360  11.7648  -0.47936E+00  -0.15165E-01   0.14651E+00   0.62524E+01   0.17004E-01
  166     3.1720  11.7908  -0.48524E+00  -0.15738E-01   0.14594E+00   0.62129E+01   0.17129E-01
  167     3.2083  11.8165  -0.49117E+00  -0.16320E-01   0.14536E+00   0.61737E+01   0.17252E-01
  168     3.2449  11.8419  -0.49714E+00  -0.16911E-01   0.14477E+00   0.61349E+01   0.17376E-01
  169     3.2818  11.8670  -0.50316E+00  -0.17514E-01   0.14417E+00   0.60966E+01   0.17498E-01
  170     3.3190  11.8918  -0.50923E+00  -0.18132E-01   0.14355E+00   0.60587E+01   0.17614E-01
  171     3.3565  11.9162  -0.51536E+00  -0.18761E-01   0.14292E+00   0.60212E+01   0.17730E-01
  172     3.3944  11.9403  -0.52153E+00  -0.19401E-01   0.14228E+00   0.59841E+01   0.17850E-01
  173     3.4326  11.9642  -0.52775E+00  -0.20051E-01   0.14163E+00   0.59474E+01   0.17969E-01
  174     3.4712  11.9877  -0.53402E+00  -0.20713E-01   0.14097E+00   0.59112E+01   0.18083E-01
  175     3.5100  12.0109  -0.54034E+00  -0.21386E-01   0.14029E+00   0.58753E+01   0.18194E-01
  176     3.5492  12.0339  -0.54671E+00  -0.22071E-01   0.13961E+00   0.58400E+01   0.18304E-01
  177     3.5888  12.0565  -0.55314E+00  -0.22770E-01   0.13891E+00   0.58050E+01   0.18411E-01
  178     3.6287  12.0789  -0.55962E+00  -0.23481E-01   0.13820E+00   0.57706E+01   0.18519E-01
  179     3.6689  12.1010  -0.56615E+00  -0.24204E-01   0.13747E+00   0.57364E+01   0.18626E-01
  180     3.7095  12.1228  -0.57274E+00  -0.24941E-01   0.13674E+00   0.57027E+01   0.18730E-01
  181     3.7505  12.1443  -0.57938E+00  -0.25692E-01   0.13599E+00   0.56693E+01   0.18832E-01
  182     3.7918  12.1656  -0.58607E+00  -0.26454E-01   0.13523E+00   0.56363E+01   0.18930E-01
  183     3.8334  12.1866  -0.59282E+00  -0.27229E-01   0.13445E+00   0.56038E+01   0.19029E-01
  184     3.8754  12.2073  -0.59961E+00  -0.28015E-01   0.13366E+00   0.55717E+01   0.19129E-01
  185     3.9178  12.2277  -0.60646E+00  -0.28814E-01   0.13287E+00   0.55400E+01   0.19226E-01
  186     3.9606  12.2480  -0.61336E+00  -0.29626E-01   0.13205E+00   0.55086E+01   0.19314E-01
  187     4.0037  12.2679  -0.62031E+00  -0.30450E-01   0.13123E+00   0.54777E+01   0.19402E-01
  188     4.0472  12.2876  -0.62732E+00  -0.31287E-01   0.13039E+00   0.54472E+01   0.19490E-01
  189     4.0911  12.3070  -0.63439E+00  -0.32140E-01   0.12954E+00   0.54170E+01   0.19573E-01
  190     4.1353  12.3262  -0.64153E+00  -0.33009E-01   0.12867E+00   0.53873E+01   0.19656E-01
  191     4.1800  12.3452  -0.64872E+00  -0.33893E-01   0.12779E+00   0.53579E+01   0.19736E-01
  192     4.2250  12.3639  -0.65595E+00  -0.34784E-01   0.12690E+00   0.53290E+01   0.19812E-01
  193     4.2705  12.3824  -0.66324E+00  -0.35693E-01   0.12599E+00   0.53004E+01   0.19887E-01
  194     4.3163  12.4006  -0.67062E+00  -0.36623E-01   0.12506E+00   0.52724E+01   0.19962E-01
  195     4.3625  12.4186  -0.67804E+00  -0.37558E-01   0.12412E+00   0.52448E+01   0.20032E-01
  196     4.4091  12.4364  -0.68548E+00  -0.38502E-01   0.12318E+00   0.52174E+01   0.20101E-01
  197     4.4561  12.4539  -0.69300E+00  -0.39465E-01   0.12221E+00   0.51905E+01   0.20168E-01
  198     4.5036  12.4713  -0.70059E+00  -0.40443E-01   0.12124E+00   0.51639E+01   0.20228E-01
  199     4.5514  12.4884  -0.70823E+00  -0.41436E-01   0.12024E+00   0.51378E+01   0.20285E-01
  200     4.5997  12.5053  -0.71594E+00  -0.42448E-01   0.11923E+00   0.51120E+01   0.20343E-01
  201     4.6484  12.5219  -0.72369E+00  -0.43469E-01   0.11821E+00   0.50866E+01   0.20400E-01
  202     4.6975  12.5384  -0.73150E+00  -0.44503E-01   0.11718E+00   0.50616E+01   0.20447E-01
  203     4.7470  12.5547  -0.73940E+00  -0.45561E-01   0.11612E+00   0.50370E+01   0.20492E-01
  204     4.7970  12.5707  -0.74734E+00  -0.46631E-01   0.11505E+00   0.50128E+01   0.20539E-01
  205     4.8474  12.5865  -0.75534E+00  -0.47713E-01   0.11397E+00   0.49890E+01   0.20583E-01
  206     4.8982  12.6022  -0.76341E+00  -0.48815E-01   0.11286E+00   0.49656E+01   0.20622E-01
  207     4.9495  12.6176  -0.77153E+00  -0.49927E-01   0.11175E+00   0.49425E+01   0.20659E-01
  208     5.0012  12.6329  -0.77970E+00  -0.51053E-01   0.11063E+00   0.49198E+01   0.20690E-01
  209     5.0534  12.6479  -0.78796E+00  -0.52203E-01   0.10948E+00   0.48975E+01   0.20723E-01
  210     5.1060  12.6628  -0.79630E+00  -0.53373E-01   0.10831E+00   0.48757E+01   0.20748E-01
  211     5.1591  12.6774  -0.80467E+00  -0.54550E-01   0.10713E+00   0.48541E+01   0.20767E-01
  212     5.2126  12.6919  -0.81309E+00  -0.55739E-01   0.10594E+00   0.48330E+01   0.20787E-01
  213     5.2667  12.7062  -0.82160E+00  -0.56951E-01   0.10473E+00   0.48122E+01   0.20803E-01
  214     5.3211  12.7203  -0.83017E+00  -0.58180E-01   0.10350E+00   0.47918E+01   0.20818E-01
  215     5.3761  12.7342  -0.83880E+00  -0.59425E-01   0.10225E+00   0.47718E+01   0.20830E-01
  216     5.4315  12.7480  -0.84750E+00  -0.60688E-01   0.10099E+00   0.47522E+01   0.20837E-01
  217     5.4874  12.7615  -0.85626E+00  -0.61968E-01   0.99711E-01   0.47329E+01   0.20836E-01
  218     5.5438  12.7749  -0.86509E+00  -0.63262E-01   0.98417E-01   0.47140E+01   0.20838E-01
  219     5.6007  12.7882  -0.87397E+00  -0.64573E-01   0.97107E-01   0.46954E+01   0.20837E-01
  220     5.6581  12.8012  -0.88292E+00  -0.65901E-01   0.95778E-01   0.46772E+01   0.20833E-01
  221     5.7160  12.8141  -0.89194E+00  -0.67247E-01   0.94432E-01   0.46594E+01   0.20829E-01
  222     5.7744  12.8269  -0.90104E+00  -0.68615E-01   0.93065E-01   0.46420E+01   0.20809E-01
  223     5.8333  12.8394  -0.91021E+00  -0.69999E-01   0.91680E-01   0.46249E+01   0.20789E-01
  224     5.8927  12.8518  -0.91944E+00  -0.71401E-01   0.90278E-01   0.46082E+01   0.20772E-01
  225     5.9526  12.8641  -0.92874E+00  -0.72822E-01   0.88857E-01   0.45918E+01   0.20750E-01
  226     6.0131  12.8762  -0.93810E+00  -0.74261E-01   0.87419E-01   0.45758E+01   0.20717E-01
  227     6.0740  12.8881  -0.94753E+00  -0.75717E-01   0.85963E-01   0.45601E+01   0.20689E-01
  228     6.1355  12.8999  -0.95708E+00  -0.77206E-01   0.84473E-01   0.45448E+01   0.20655E-01
  229     6.1976  12.9115  -0.96665E+00  -0.78701E-01   0.82979E-01   0.45298E+01   0.20615E-01
  230     6.2602  12.9230  -0.97626E+00  -0.80203E-01   0.81477E-01   0.45151E+01   0.20577E-01
  231     6.3233  12.9343  -0.98598E+00  -0.81740E-01   0.79939E-01   0.45008E+01   0.20530E-01
  232     6.3869  12.9455  -0.99578E+00  -0.83298E-01   0.78381E-01   0.44868E+01   0.20481E-01
  233     6.4512  12.9565  -0.10056E+01  -0.84860E-01   0.76819E-01   0.44731E+01   0.20431E-01
  234     6.5159  12.9674  -0.10155E+01  -0.86451E-01   0.75228E-01   0.44598E+01   0.20374E-01
  235     6.5813  12.9782  -0.10255E+01  -0.88068E-01   0.73612E-01   0.44468E+01   0.20308E-01
  236     6.6472  12.9888  -0.10356E+01  -0.89702E-01   0.71977E-01   0.44341E+01   0.20257E-01
  237     6.7137  12.9993  -0.10458E+01  -0.91355E-01   0.70324E-01   0.44217E+01   0.20188E-01
  238     6.7807  13.0097  -0.10560E+01  -0.93028E-01   0.68651E-01   0.44096E+01   0.20114E-01
  239     6.8484  13.0199  -0.10663E+01  -0.94723E-01   0.66957E-01   0.43978E+01   0.20051E-01
  240     6.9166  13.0300  -0.10766E+01  -0.96439E-01   0.65241E-01   0.43863E+01   0.19978E-01
  241     6.9854  13.0399  -0.10871E+01  -0.98180E-01   0.63499E-01   0.43751E+01   0.19897E-01
  242     7.0549  13.0498  -0.10976E+01  -0.99931E-01   0.61748E-01   0.43642E+01   0.19816E-01
  243     7.1249  13.0595  -0.11082E+01  -0.10172E+00   0.59962E-01   0.43536E+01   0.19730E-01
  244     7.1955  13.0690  -0.11188E+01  -0.10351E+00   0.58170E-01   0.43432E+01   0.19645E-01
  245     7.2668  13.0785  -0.11296E+01  -0.10534E+00   0.56343E-01   0.43331E+01   0.19554E-01
  246     7.3387  13.0878  -0.11404E+01  -0.10719E+00   0.54491E-01   0.43233E+01   0.19450E-01
  247     7.4112  13.0970  -0.11513E+01  -0.10906E+00   0.52622E-01   0.43138E+01   0.19355E-01
  248     7.4843  13.1061  -0.11623E+01  -0.11095E+00   0.50727E-01   0.43045E+01   0.19257E-01
  249     7.5580  13.1151  -0.11734E+01  -0.11287E+00   0.48810E-01   0.42955E+01   0.19152E-01
  250     7.6324  13.1240  -0.11845E+01  -0.11481E+00   0.46874E-01   0.42867E+01   0.19050E-01
  251     7.7075  13.1327  -0.11957E+01  -0.11677E+00   0.44910E-01   0.42782E+01   0.18931E-01
  252     7.7832  13.1414  -0.12070E+01  -0.11875E+00   0.42929E-01   0.42699E+01   0.18822E-01
  253     7.8596  13.1499  -0.12184E+01  -0.12075E+00   0.40929E-01   0.42619E+01   0.18705E-01
  254     7.9366  13.1583  -0.12299E+01  -0.12279E+00   0.38886E-01   0.42541E+01   0.18583E-01
  255     8.0143  13.1666  -0.12414E+01  -0.12485E+00   0.36830E-01   0.42465E+01   0.18461E-01
  256     8.0926  13.1748  -0.12530E+01  -0.12693E+00   0.34745E-01   0.42391E+01   0.18336E-01
  257     8.1717  13.1829  -0.12647E+01  -0.12904E+00   0.32644E-01   0.42319E+01   0.18205E-01
  258     8.2514  13.1909  -0.12765E+01  -0.13117E+00   0.30512E-01   0.42250E+01   0.18082E-01
  259     8.3319  13.1988  -0.12884E+01  -0.13333E+00   0.28354E-01   0.42182E+01   0.17947E-01
  260     8.4130  13.2066  -0.13003E+01  -0.13551E+00   0.26173E-01   0.42117E+01   0.17809E-01
  261     8.4948  13.2143  -0.13123E+01  -0.13771E+00   0.23969E-01   0.42053E+01   0.17672E-01
  262     8.5774  13.2219  -0.13244E+01  -0.13994E+00   0.21738E-01   0.41991E+01   0.17532E-01
  263     8.6606  13.2293  -0.13366E+01  -0.14220E+00   0.19484E-01   0.41931E+01   0.17387E-01
  264     8.7446  13.2367  -0.13489E+01  -0.14448E+00   0.17197E-01   0.41874E+01   0.17243E-01
  265     8.8293  13.2440  -0.13613E+01  -0.14680E+00   0.14878E-01   0.41817E+01   0.17094E-01
  266     8.9148  13.2512  -0.13737E+01  -0.14913E+00   0.12546E-01   0.41762E+01   0.16944E-01
  267     9.0010  13.2584  -0.13863E+01  -0.15150E+00   0.10177E-01   0.41710E+01   0.16788E-01
  268     9.0879  13.2654  -0.13989E+01  -0.15388E+00   0.77953E-02   0.41658E+01   0.16640E-01
  269     9.1756  13.2723  -0.14116E+01  -0.15630E+00   0.53746E-02   0.41609E+01   0.16480E-01
  270     9.2641  13.2792  -0.14244E+01  -0.15875E+00   0.29280E-02   0.41561E+01   0.16320E-01
  271     9.3534  13.2859  -0.14373E+01  -0.16123E+00   0.45341E-03   0.41514E+01   0.16160E-01
  272     9.4434  13.2926  -0.14503E+01  -0.16371E+00  -0.20337E-02   0.41468E+01   0.15998E-01
  273     9.5342  13.2992  -0.14633E+01  -0.16625E+00  -0.45668E-02   0.41425E+01   0.15838E-01
  274     9.6257  13.3056  -0.14765E+01  -0.16881E+00  -0.71288E-02   0.41382E+01   0.15667E-01
  275     9.7181  13.3121  -0.14898E+01  -0.17139E+00  -0.97122E-02   0.41341E+01   0.15499E-01
  276     9.8113  13.3184  -0.15031E+01  -0.17401E+00  -0.12329E-01   0.41301E+01   0.15335E-01
  277     9.9053  13.3246  -0.15165E+01  -0.17664E+00  -0.14961E-01   0.41263E+01   0.15168E-01
  278    10.0001  13.3308  -0.15301E+01  -0.17932E+00  -0.17644E-01   0.41225E+01   0.14992E-01
  279    10.0957  13.3369  -0.15436E+01  -0.18202E+00  -0.20338E-01   0.41189E+01   0.14821E-01
  280    10.1922  13.3429  -0.15574E+01  -0.18475E+00  -0.23070E-01   0.41154E+01   0.14645E-01
  281    10.2895  13.3488  -0.15712E+01  -0.18751E+00  -0.25830E-01   0.41120E+01   0.14472E-01
  282    10.3877  13.3547  -0.15850E+01  -0.19030E+00  -0.28619E-01   0.41087E+01   0.14290E-01
  283    10.4867  13.3605  -0.15990E+01  -0.19312E+00  -0.31437E-01   0.41055E+01   0.14112E-01
  284    10.5865  13.3662  -0.16131E+01  -0.19597E+00  -0.34290E-01   0.41024E+01   0.13939E-01
  285    10.6873  13.3718  -0.16273E+01  -0.19885E+00  -0.37173E-01   0.40994E+01   0.13755E-01
  286    10.7889  13.3774  -0.16415E+01  -0.20176E+00  -0.40082E-01   0.40965E+01   0.13578E-01
  287    10.8914  13.3829  -0.16559E+01  -0.20470E+00  -0.43018E-01   0.40937E+01   0.13399E-01
  288    10.9947  13.3883  -0.16704E+01  -0.20767E+00  -0.45994E-01   0.40910E+01   0.13216E-01
  289    11.0990  13.3936  -0.16849E+01  -0.21068E+00  -0.49001E-01   0.40884E+01   0.13019E-01
  290    11.2042  13.3989  -0.16996E+01  -0.21371E+00  -0.52030E-01   0.40858E+01   0.12849E-01
  291    11.3103  13.4041  -0.17144E+01  -0.21679E+00  -0.55112E-01   0.40834E+01   0.12665E-01
  292    11.4173  13.4093  -0.17292E+01  -0.21989E+00  -0.58206E-01   0.40810E+01   0.12483E-01
  293    11.5253  13.4143  -0.17441E+01  -0.22301E+00  -0.61333E-01   0.40787E+01   0.12298E-01
  294    11.6342  13.4193  -0.17591E+01  -0.22614E+00  -0.64459E-01   0.40764E+01   0.12118E-01
  295    11.7440  13.4243  -0.17744E+01  -0.22938E+00  -0.67698E-01   0.40743E+01   0.11929E-01
  296    11.8548  13.4292  -0.17896E+01  -0.23260E+00  -0.70918E-01   0.40722E+01   0.11746E-01
  297    11.9666  13.4340  -0.18049E+01  -0.23586E+00  -0.74179E-01   0.40701E+01   0.11563E-01
  298    12.0793  13.4388  -0.18204E+01  -0.23915E+00  -0.77472E-01   0.40682E+01   0.11387E-01
  299    12.1930  13.4435  -0.18359E+01  -0.24248E+00  -0.80803E-01   0.40663E+01   0.11190E-01
  300    12.3077  13.4481  -0.18516E+01  -0.24584E+00  -0.84165E-01   0.40644E+01   0.11013E-01
  301    12.4234  13.4527  -0.18674E+01  -0.24925E+00  -0.87566E-01   0.40626E+01   0.10826E-01
  302    12.5401  13.4572  -0.18832E+01  -0.25266E+00  -0.90982E-01   0.40609E+01   0.10644E-01
  303    12.6578  13.4616  -0.18991E+01  -0.25612E+00  -0.94437E-01   0.40592E+01   0.10460E-01
  304    12.7766  13.4660  -0.19152E+01  -0.25962E+00  -0.97942E-01   0.40576E+01   0.10281E-01
  305    12.8963  13.4704  -0.19314E+01  -0.26315E+00  -0.10147E+00   0.40560E+01   0.10095E-01
  306    13.0172  13.4747  -0.19477E+01  -0.26672E+00  -0.10504E+00   0.40545E+01   0.99228E-02
  307    13.1390  13.4789  -0.19640E+01  -0.27030E+00  -0.10862E+00   0.40530E+01   0.97438E-02
  308    13.2619  13.4831  -0.19806E+01  -0.27395E+00  -0.11227E+00   0.40516E+01   0.95602E-02
  309    13.3859  13.4872  -0.19972E+01  -0.27762E+00  -0.11594E+00   0.40502E+01   0.93891E-02
  310    13.5110  13.4913  -0.20139E+01  -0.28133E+00  -0.11965E+00   0.40489E+01   0.92070E-02
  311    13.6372  13.4953  -0.20307E+01  -0.28506E+00  -0.12338E+00   0.40476E+01   0.90321E-02
  312    13.7644  13.4993  -0.20476E+01  -0.28885E+00  -0.12717E+00   0.40463E+01   0.88575E-02
  313    13.8928  13.5032  -0.20647E+01  -0.29268E+00  -0.13100E+00   0.40451E+01   0.86808E-02
  314    14.0223  13.5071  -0.20818E+01  -0.29650E+00  -0.13482E+00   0.40439E+01   0.85088E-02
  315    14.1529  13.5109  -0.20990E+01  -0.30038E+00  -0.13870E+00   0.40428E+01   0.83354E-02
  316    14.2846  13.5146  -0.21164E+01  -0.30430E+00  -0.14262E+00   0.40416E+01   0.81690E-02
  317    14.4175  13.5184  -0.21339E+01  -0.30826E+00  -0.14658E+00   0.40406E+01   0.79968E-02
  318    14.5515  13.5220  -0.21515E+01  -0.31226E+00  -0.15058E+00   0.40395E+01   0.78297E-02
  319    14.6867  13.5257  -0.21691E+01  -0.31629E+00  -0.15461E+00   0.40385E+01   0.76683E-02
  320    14.8231  13.5292  -0.21870E+01  -0.32036E+00  -0.15868E+00   0.40375E+01   0.75019E-02
  321    14.9607  13.5328  -0.22049E+01  -0.32447E+00  -0.16279E+00   0.40366E+01   0.73397E-02
  322    15.0994  13.5363  -0.22229E+01  -0.32861E+00  -0.16693E+00   0.40356E+01   0.71778E-02
  323    15.2394  13.5397  -0.22411E+01  -0.33280E+00  -0.17112E+00   0.40347E+01   0.70167E-02
  324    15.3806  13.5431  -0.22594E+01  -0.33702E+00  -0.17534E+00   0.40339E+01   0.68600E-02
  325    15.5230  13.5464  -0.22778E+01  -0.34128E+00  -0.17960E+00   0.40330E+01   0.67039E-02
  326    15.6666  13.5498  -0.22963E+01  -0.34558E+00  -0.18390E+00   0.40322E+01   0.65487E-02
  327    15.8115  13.5530  -0.23148E+01  -0.34991E+00  -0.18823E+00   0.40314E+01   0.63972E-02
  328    15.9577  13.5562  -0.23336E+01  -0.35429E+00  -0.19261E+00   0.40306E+01   0.62456E-02
  329    16.1051  13.5594  -0.23525E+01  -0.35870E+00  -0.19702E+00   0.40299E+01   0.60939E-02
  330    16.2538  13.5626  -0.23714E+01  -0.36315E+00  -0.20147E+00   0.40292E+01   0.59519E-02
  331    16.4038  13.5657  -0.23905E+01  -0.36765E+00  -0.20597E+00   0.40285E+01   0.58058E-02
  332    16.5551  13.5687  -0.24098E+01  -0.37218E+00  -0.21051E+00   0.40278E+01   0.56626E-02
  333    16.7078  13.5717  -0.24291E+01  -0.37675E+00  -0.21507E+00   0.40271E+01   0.55203E-02
  334    16.8617  13.5747  -0.24485E+01  -0.38137E+00  -0.21969E+00   0.40264E+01   0.53770E-02
  335    17.0170  13.5777  -0.24681E+01  -0.38602E+00  -0.22434E+00   0.40258E+01   0.52424E-02
  336    17.1736  13.5806  -0.24878E+01  -0.39072E+00  -0.22904E+00   0.40252E+01   0.51104E-02
  337    17.3316  13.5835  -0.25076E+01  -0.39544E+00  -0.23377E+00   0.40246E+01   0.49737E-02
  338    17.4910  13.5863  -0.25276E+01  -0.40023E+00  -0.23855E+00   0.40240E+01   0.48428E-02
  339    17.6518  13.5891  -0.25477E+01  -0.40505E+00  -0.24337E+00   0.40234E+01   0.47117E-02
  340    17.8139  13.5918  -0.25679E+01  -0.40991E+00  -0.24823E+00   0.40229E+01   0.45857E-02
  341    17.9775  13.5946  -0.25882E+01  -0.41481E+00  -0.25313E+00   0.40223E+01   0.44603E-02
  342    18.1425  13.5972  -0.26086E+01  -0.41974E+00  -0.25807E+00   0.40218E+01   0.43379E-02
  343    18.3089  13.5999  -0.26292E+01  -0.42497E+00  -0.26329E+00   0.40000E+01   0.42163E-02
  344    18.4768  13.6025  -0.26499E+01  -0.42999E+00  -0.26831E+00   0.40000E+01   0.40968E-02
  345    18.6461  13.6051  -0.26707E+01  -0.43505E+00  -0.27337E+00   0.40000E+01   0.39822E-02
  346    18.8169  13.6077  -0.26916E+01  -0.44015E+00  -0.27848E+00   0.40000E+01   0.38672E-02
  347    18.9892  13.6102  -0.27127E+01  -0.44529E+00  -0.28361E+00   0.40000E+01   0.37555E-02
  348    19.1630  13.6127  -0.27339E+01  -0.45048E+00  -0.28881E+00   0.40000E+01   0.36439E-02
  349    19.3383  13.6151  -0.27552E+01  -0.45571E+00  -0.29404E+00   0.40000E+01   0.35311E-02
  350    19.5151  13.6175  -0.27768E+01  -0.46101E+00  -0.29933E+00   0.40000E+01   0.34308E-02
  351    19.6934  13.6199  -0.27983E+01  -0.46631E+00  -0.30463E+00   0.40000E+01   0.33275E-02
  352    19.8734  13.6223  -0.28199E+01  -0.47163E+00  -0.30995E+00   0.40000E+01   0.32271E-02
  353    20.0548  13.6246  -0.28419E+01  -0.47709E+00  -0.31541E+00   0.40000E+01   0.31232E-02
  354    20.2379  13.6269  -0.28639E+01  -0.48253E+00  -0.32085E+00   0.40000E+01   0.30284E-02
  355    20.4225  13.6292  -0.28860E+01  -0.48803E+00  -0.32635E+00   0.40000E+01   0.29378E-02
  356    20.6088  13.6314  -0.29082E+01  -0.49354E+00  -0.33186E+00   0.40000E+01   0.28410E-02
  357    20.7966  13.6337  -0.29306E+01  -0.49914E+00  -0.33746E+00   0.40000E+01   0.27455E-02
  358    20.9861  13.6358  -0.29531E+01  -0.50476E+00  -0.34308E+00   0.40000E+01   0.26598E-02
  359    21.1773  13.6380  -0.29758E+01  -0.51045E+00  -0.34877E+00   0.40000E+01   0.25726E-02
  360    21.3701  13.6401  -0.29984E+01  -0.51610E+00  -0.35442E+00   0.40000E+01   0.24884E-02
  361    21.5646  13.6422  -0.30215E+01  -0.52192E+00  -0.36024E+00   0.40000E+01   0.24032E-02
  362    21.7607  13.6443  -0.30446E+01  -0.52772E+00  -0.36604E+00   0.40000E+01   0.23206E-02
  363    21.9586  13.6463  -0.30677E+01  -0.53356E+00  -0.37188E+00   0.40000E+01   0.22453E-02
  364    22.1582  13.6484  -0.30910E+01  -0.53945E+00  -0.37777E+00   0.40000E+01   0.21669E-02
  365    22.3596  13.6504  -0.31145E+01  -0.54539E+00  -0.38371E+00   0.40000E+01   0.20914E-02
  366    22.5626  13.6523  -0.31381E+01  -0.55138E+00  -0.38970E+00   0.40000E+01   0.20167E-02
  367    22.7675  13.6543  -0.31618E+01  -0.55740E+00  -0.39572E+00   0.40000E+01   0.19482E-02
  368    22.9741  13.6562  -0.31856E+01  -0.56346E+00  -0.40179E+00   0.40000E+01   0.18781E-02
  369    23.1825  13.6581  -0.32097E+01  -0.56960E+00  -0.40792E+00   0.40000E+01   0.18105E-02
  370    23.3928  13.6600  -0.32338E+01  -0.57576E+00  -0.41408E+00   0.40000E+01   0.17448E-02
  371    23.6049  13.6618  -0.32580E+01  -0.58196E+00  -0.42028E+00   0.40000E+01   0.16810E-02
  372    23.8188  13.6636  -0.32824E+01  -0.58821E+00  -0.42653E+00   0.40000E+01   0.16195E-02
  373    24.0345  13.6654  -0.33070E+01  -0.59451E+00  -0.43283E+00   0.40000E+01   0.15588E-02
  374    24.2522  13.6672  -0.33316E+01  -0.60084E+00  -0.43916E+00   0.40000E+01   0.15003E-02
  375    24.4717  13.6689  -0.33565E+01  -0.60727E+00  -0.44559E+00   0.40000E+01   0.14427E-02
  376    24.6932  13.6707  -0.33814E+01  -0.61368E+00  -0.45200E+00   0.40000E+01   0.13879E-02
  377    24.9166  13.6724  -0.34065E+01  -0.62017E+00  -0.45849E+00   0.40000E+01   0.13345E-02
  378    25.1419  13.6741  -0.34317E+01  -0.62670E+00  -0.46502E+00   0.40000E+01   0.12832E-02
  379    25.3691  13.6757  -0.34571E+01  -0.63327E+00  -0.47159E+00   0.40000E+01   0.12320E-02
  380    25.5984  13.6774  -0.34825E+01  -0.63988E+00  -0.47820E+00   0.40000E+01   0.11841E-02
  381    25.8296  13.6790  -0.35082E+01  -0.64656E+00  -0.48488E+00   0.40000E+01   0.11366E-02
  382    26.0629  13.6806  -0.35340E+01  -0.65327E+00  -0.49159E+00   0.40000E+01   0.10907E-02
  383    26.2982  13.6822  -0.35599E+01  -0.66003E+00  -0.49835E+00   0.40000E+01   0.10471E-02
  384    26.5355  13.6837  -0.35859E+01  -0.66683E+00  -0.50515E+00   0.40000E+01   0.10030E-02
  385    26.7749  13.6853  -0.36121E+01  -0.67368E+00  -0.51200E+00   0.40000E+01   0.96319E-03
  386    27.0164  13.6868  -0.36385E+01  -0.68059E+00  -0.51891E+00   0.40000E+01   0.92383E-03
  387    27.2599  13.6883  -0.36649E+01  -0.68750E+00  -0.52582E+00   0.40000E+01   0.88565E-03
  388    27.5056  13.6898  -0.36916E+01  -0.69452E+00  -0.53284E+00   0.40000E+01   0.84807E-03
  389    27.7534  13.6912  -0.37184E+01  -0.70159E+00  -0.53991E+00   0.40000E+01   0.81394E-03
  390    28.0034  13.6927  -0.37454E+01  -0.70870E+00  -0.54702E+00   0.40000E+01   0.77900E-03
  391    28.2556  13.6941  -0.37725E+01  -0.71586E+00  -0.55419E+00   0.40000E+01   0.74581E-03
  392    28.5099  13.6955  -0.37998E+01  -0.72309E+00  -0.56141E+00   0.40000E+01   0.71440E-03
  393    28.7665  13.6969  -0.38273E+01  -0.73036E+00  -0.56868E+00   0.40000E+01   0.68373E-03
  394    29.0253  13.6982  -0.38550E+01  -0.73771E+00  -0.57604E+00   0.40000E+01   0.65366E-03
  395    29.2863  13.6996  -0.38828E+01  -0.74511E+00  -0.58343E+00   0.40000E+01   0.62506E-03
  396    29.5496  13.7009  -0.39108E+01  -0.75256E+00  -0.59088E+00   0.40000E+01   0.59713E-03
  397    29.8152  13.7022  -0.39390E+01  -0.76008E+00  -0.59840E+00   0.40000E+01   0.57052E-03
  398    30.0831  13.7035  -0.39673E+01  -0.76764E+00  -0.60596E+00   0.40000E+01   0.54484E-03
  399    30.3534  13.7048  -0.39958E+01  -0.77526E+00  -0.61358E+00   0.40000E+01   0.51977E-03
  400    30.6259  13.7061  -0.40245E+01  -0.78294E+00  -0.62126E+00   0.40000E+01   0.49572E-03
