    1     0.0001   0.0015  -0.15259E-04   0.24333E-05   0.44089E-01   0.65162E+01   0.26784E+04
    2     0.0088   0.1269  -0.29505E-02  -0.23498E-03   0.43852E-01   0.64825E+01   0.55784E+04
    3     0.0176   0.2519  -0.61662E-02  -0.54172E-03   0.43545E-01   0.64500E+01   0.58852E+04
    4     0.0264   0.3763  -0.95295E-02  -0.88148E-03   0.43206E-01   0.64181E+01   0.60919E+04
    5     0.0353   0.5002  -0.13006E-01  -0.12447E-02   0.42842E-01   0.63867E+01   0.62610E+04
    6     0.0443   0.6235  -0.16589E-01  -0.16293E-02   0.42458E-01   0.63556E+01   0.64106E+04
    7     0.0534   0.7463  -0.20261E-01  -0.20303E-02   0.42057E-01   0.63249E+01   0.65445E+04
    8     0.0626   0.8685  -0.24018E-01  -0.24470E-02   0.41640E-01   0.62945E+01   0.66674E+04
    9     0.0718   0.9902  -0.27858E-01  -0.28787E-02   0.41208E-01   0.62644E+01   0.67838E+04
   10     0.0811   1.1112  -0.31775E-01  -0.33246E-02   0.40762E-01   0.62346E+01   0.68900E+04
   11     0.0905   1.2318  -0.35770E-01  -0.37836E-02   0.40303E-01   0.62051E+01   0.69942E+04
   12     0.1000   1.3517  -0.39849E-01  -0.42584E-02   0.39829E-01   0.61758E+01   0.70957E+04
   13     0.1096   1.4710  -0.43990E-01  -0.47434E-02   0.39344E-01   0.61467E+01   0.71913E+04
   14     0.1192   1.5898  -0.48206E-01  -0.52410E-02   0.38846E-01   0.61179E+01   0.72839E+04
   15     0.1290   1.7079  -0.52494E-01  -0.57514E-02   0.38336E-01   0.60894E+01   0.73739E+04
   16     0.1388   1.8254  -0.56855E-01  -0.62749E-02   0.37812E-01   0.60610E+01   0.74635E+04
   17     0.1487   1.9423  -0.61288E-01  -0.68112E-02   0.37276E-01   0.60329E+01   0.75473E+04
   18     0.1587   2.0586  -0.65793E-01  -0.73598E-02   0.36727E-01   0.60051E+01   0.76317E+04
   19     0.1687   2.1743  -0.70368E-01  -0.79213E-02   0.36166E-01   0.59775E+01   0.77136E+04
   20     0.1789   2.2893  -0.75015E-01  -0.84958E-02   0.35591E-01   0.59500E+01   0.77927E+04
   21     0.1891   2.4037  -0.79733E-01  -0.90825E-02   0.35005E-01   0.59229E+01   0.78699E+04
   22     0.1995   2.5174  -0.84521E-01  -0.96822E-02   0.34405E-01   0.58959E+01   0.79460E+04
   23     0.2099   2.6305  -0.89379E-01  -0.10295E-01   0.33792E-01   0.58692E+01   0.80208E+04
   24     0.2204   2.7429  -0.94282E-01  -0.10912E-01   0.33175E-01   0.58426E+01   0.79902E+04
   25     0.2310   2.8547  -0.99281E-01  -0.11551E-01   0.32536E-01   0.58163E+01   0.81655E+04
   26     0.2417   2.9657  -0.10435E+00  -0.12202E-01   0.31885E-01   0.57903E+01   0.82344E+04
   27     0.2525   3.0761  -0.10949E+00  -0.12867E-01   0.31220E-01   0.57645E+01   0.83027E+04
   28     0.2634   3.1859  -0.11470E+00  -0.13544E-01   0.30543E-01   0.57388E+01   0.83695E+04
   29     0.2744   3.2949  -0.11998E+00  -0.14236E-01   0.29851E-01   0.57134E+01   0.84342E+04
   30     0.2855   3.4033  -0.12533E+00  -0.14940E-01   0.29147E-01   0.56882E+01   0.84966E+04
   31     0.2967   3.5110  -0.13076E+00  -0.15658E-01   0.28429E-01   0.56633E+01   0.85582E+04
   32     0.3079   3.6179  -0.13625E+00  -0.16389E-01   0.27698E-01   0.56385E+01   0.86211E+04
   33     0.3193   3.7242  -0.14181E+00  -0.17134E-01   0.26953E-01   0.56140E+01   0.86843E+04
   34     0.3308   3.8297  -0.14744E+00  -0.17893E-01   0.26194E-01   0.55896E+01   0.87405E+04
   35     0.3423   3.9346  -0.15315E+00  -0.18665E-01   0.25422E-01   0.55656E+01   0.87925E+04
   36     0.3540   4.0387  -0.15892E+00  -0.19452E-01   0.24635E-01   0.55417E+01   0.88426E+04
   37     0.3658   4.1421  -0.16477E+00  -0.20252E-01   0.23835E-01   0.55180E+01   0.88958E+04
   38     0.3777   4.2448  -0.17068E+00  -0.21066E-01   0.23021E-01   0.54946E+01   0.89475E+04
   39     0.3896   4.3467  -0.17667E+00  -0.21894E-01   0.22193E-01   0.54713E+01   0.89960E+04
   40     0.4017   4.4480  -0.18273E+00  -0.22738E-01   0.21349E-01   0.54483E+01   0.90434E+04
   41     0.4139   4.5485  -0.18886E+00  -0.23595E-01   0.20492E-01   0.54256E+01   0.90902E+04
   42     0.4262   4.6482  -0.19505E+00  -0.24465E-01   0.19622E-01   0.54029E+01   0.91347E+04
   43     0.4386   4.7472  -0.20132E+00  -0.25350E-01   0.18737E-01   0.53806E+01   0.91774E+04
   44     0.4511   4.8455  -0.20772E+00  -0.26267E-01   0.17820E-01   0.53586E+01   0.92174E+04
   45     0.4637   4.9431  -0.21420E+00  -0.27204E-01   0.16883E-01   0.53370E+01   0.92560E+04
   46     0.4764   5.0398  -0.22066E+00  -0.28126E-01   0.15961E-01   0.53152E+01   0.92942E+04
   47     0.4893   5.1359  -0.22715E+00  -0.29051E-01   0.15036E-01   0.52935E+01   0.93321E+04
   48     0.5022   5.2312  -0.23377E+00  -0.30010E-01   0.14077E-01   0.52723E+01   0.93661E+04
   49     0.5153   5.3257  -0.24050E+00  -0.30993E-01   0.13094E-01   0.52513E+01   0.93986E+04
   50     0.5285   5.4195  -0.24728E+00  -0.31986E-01   0.12101E-01   0.52306E+01   0.94287E+04
   51     0.5417   5.5125  -0.25413E+00  -0.32994E-01   0.11093E-01   0.52100E+01   0.94591E+04
   52     0.5552   5.6048  -0.26106E+00  -0.34019E-01   0.10068E-01   0.51897E+01   0.94868E+04
   53     0.5687   5.6963  -0.26807E+00  -0.35059E-01   0.90277E-02   0.51697E+01   0.95087E+04
   54     0.5823   5.7871  -0.27514E+00  -0.36115E-01   0.79719E-02   0.51498E+01   0.95274E+04
   55     0.5961   5.8771  -0.28229E+00  -0.37186E-01   0.69007E-02   0.51302E+01   0.95526E+04
   56     0.6099   5.9663  -0.28950E+00  -0.38273E-01   0.58137E-02   0.51108E+01   0.95776E+04
   57     0.6239   6.0548  -0.29679E+00  -0.39376E-01   0.47114E-02   0.50916E+01   0.95947E+04
   58     0.6381   6.1425  -0.30416E+00  -0.40494E-01   0.35926E-02   0.50727E+01   0.96105E+04
   59     0.6523   6.2295  -0.31159E+00  -0.41628E-01   0.24587E-02   0.50540E+01   0.96257E+04
   60     0.6667   6.3157  -0.31910E+00  -0.42779E-01   0.13083E-02   0.50354E+01   0.96384E+04
   61     0.6812   6.4011  -0.32667E+00  -0.43945E-01   0.14226E-03   0.50172E+01   0.96489E+04
   62     0.6958   6.4858  -0.33433E+00  -0.45127E-01  -0.10403E-02   0.49991E+01   0.96582E+04
   63     0.7105   6.5697  -0.34205E+00  -0.46326E-01  -0.22389E-02   0.49813E+01   0.96658E+04
   64     0.7254   6.6529  -0.34985E+00  -0.47541E-01  -0.34538E-02   0.49636E+01   0.96706E+04
   65     0.7404   6.7353  -0.35772E+00  -0.48772E-01  -0.46852E-02   0.49463E+01   0.96752E+04
   66     0.7555   6.8170  -0.36566E+00  -0.50020E-01  -0.59333E-02   0.49291E+01   0.96772E+04
   67     0.7708   6.8979  -0.37367E+00  -0.51285E-01  -0.71976E-02   0.49122E+01   0.96777E+04
   68     0.7862   6.9781  -0.38176E+00  -0.52566E-01  -0.84789E-02   0.48954E+01   0.96764E+04
   69     0.8017   7.0575  -0.38992E+00  -0.53864E-01  -0.97771E-02   0.48789E+01   0.96735E+04
   70     0.8174   7.1361  -0.39816E+00  -0.55179E-01  -0.11092E-01   0.48627E+01   0.96691E+04
   71     0.8332   7.2140  -0.40647E+00  -0.56510E-01  -0.12423E-01   0.48466E+01   0.96627E+04
   72     0.8491   7.2912  -0.41485E+00  -0.57859E-01  -0.13772E-01   0.48308E+01   0.96545E+04
   73     0.8652   7.3676  -0.42330E+00  -0.59224E-01  -0.15137E-01   0.48152E+01   0.96443E+04
   74     0.8814   7.4433  -0.43182E+00  -0.60606E-01  -0.16519E-01   0.47999E+01   0.96318E+04
   75     0.8977   7.5182  -0.44042E+00  -0.62006E-01  -0.17919E-01   0.47847E+01   0.96176E+04
   76     0.9142   7.5924  -0.44910E+00  -0.63424E-01  -0.19337E-01   0.47698E+01   0.96018E+04
   77     0.9309   7.6659  -0.45784E+00  -0.64858E-01  -0.20771E-01   0.47551E+01   0.95835E+04
   78     0.9477   7.7386  -0.46667E+00  -0.66311E-01  -0.22224E-01   0.47406E+01   0.95638E+04
   79     0.9646   7.8107  -0.47556E+00  -0.67781E-01  -0.23694E-01   0.47263E+01   0.95423E+04
   80     0.9817   7.8820  -0.48452E+00  -0.69267E-01  -0.25180E-01   0.47122E+01   0.95189E+04
   81     0.9989   7.9525  -0.49356E+00  -0.70770E-01  -0.26683E-01   0.46984E+01   0.94941E+04
   82     1.0163   8.0224  -0.50266E+00  -0.72290E-01  -0.28203E-01   0.46847E+01   0.94679E+04
   83     1.0338   8.0915  -0.51183E+00  -0.73826E-01  -0.29739E-01   0.46713E+01   0.94400E+04
   84     1.0515   8.1600  -0.52107E+00  -0.75379E-01  -0.31292E-01   0.46581E+01   0.94109E+04
   85     1.0693   8.2277  -0.53038E+00  -0.76948E-01  -0.32861E-01   0.46450E+01   0.93796E+04
   86     1.0873   8.2947  -0.53977E+00  -0.78535E-01  -0.34448E-01   0.46322E+01   0.93476E+04
   87     1.1055   8.3610  -0.54922E+00  -0.80140E-01  -0.36053E-01   0.46196E+01   0.93138E+04
   88     1.1238   8.4267  -0.55875E+00  -0.81762E-01  -0.37675E-01   0.46072E+01   0.92785E+04
   89     1.1423   8.4916  -0.56835E+00  -0.83403E-01  -0.39316E-01   0.45950E+01   0.92423E+04
   90     1.1609   8.5559  -0.57802E+00  -0.85063E-01  -0.40975E-01   0.45830E+01   0.92044E+04
   91     1.1797   8.6194  -0.58777E+00  -0.86741E-01  -0.42654E-01   0.45713E+01   0.91653E+04
   92     1.1986   8.6823  -0.59759E+00  -0.88438E-01  -0.44351E-01   0.45597E+01   0.91241E+04
   93     1.2177   8.7445  -0.60749E+00  -0.90154E-01  -0.46067E-01   0.45483E+01   0.90816E+04
   94     1.2370   8.8061  -0.61746E+00  -0.91888E-01  -0.47801E-01   0.45371E+01   0.90379E+04
   95     1.2565   8.8669  -0.62750E+00  -0.93640E-01  -0.49553E-01   0.45261E+01   0.89920E+04
   96     1.2761   8.9272  -0.63761E+00  -0.95410E-01  -0.51323E-01   0.45153E+01   0.89450E+04
   97     1.2959   8.9867  -0.64779E+00  -0.97197E-01  -0.53110E-01   0.45047E+01   0.88955E+04
   98     1.3158   9.0456  -0.65803E+00  -0.99002E-01  -0.54915E-01   0.44943E+01   0.88447E+04
   99     1.3360   9.1039  -0.66835E+00  -0.10082E+00  -0.56738E-01   0.44841E+01   0.87927E+04
  100     1.3563   9.1615  -0.67874E+00  -0.10266E+00  -0.58578E-01   0.44741E+01   0.87395E+04
  101     1.3767   9.2185  -0.68919E+00  -0.10452E+00  -0.60436E-01   0.44642E+01   0.86851E+04
  102     1.3974   9.2748  -0.69971E+00  -0.10640E+00  -0.62312E-01   0.44545E+01   0.86301E+04
  103     1.4183   9.3305  -0.71031E+00  -0.10829E+00  -0.64205E-01   0.44450E+01   0.85739E+04
  104     1.4393   9.3856  -0.72096E+00  -0.11020E+00  -0.66116E-01   0.44356E+01   0.85169E+04
  105     1.4605   9.4401  -0.73169E+00  -0.11213E+00  -0.68045E-01   0.44265E+01   0.84602E+04
  106     1.4819   9.4940  -0.74249E+00  -0.11408E+00  -0.69993E-01   0.44175E+01   0.84014E+04
  107     1.5035   9.5472  -0.75336E+00  -0.11605E+00  -0.71960E-01   0.44087E+01   0.83413E+04
  108     1.5252   9.5999  -0.76430E+00  -0.11803E+00  -0.73947E-01   0.44000E+01   0.82807E+04
  109     1.5472   9.6519  -0.77532E+00  -0.12004E+00  -0.75954E-01   0.43915E+01   0.82192E+04
  110     1.5693   9.7034  -0.78641E+00  -0.12207E+00  -0.77980E-01   0.43832E+01   0.81565E+04
  111     1.5917   9.7542  -0.79758E+00  -0.12412E+00  -0.80028E-01   0.43751E+01   0.80927E+04
  112     1.6142   9.8045  -0.80881E+00  -0.12618E+00  -0.82095E-01   0.43671E+01   0.80282E+04
  113     1.6369   9.8542  -0.82010E+00  -0.12826E+00  -0.84176E-01   0.43593E+01   0.79625E+04
  114     1.6598   9.9033  -0.83147E+00  -0.13036E+00  -0.86278E-01   0.43516E+01   0.78958E+04
  115     1.6830   9.9519  -0.84291E+00  -0.13248E+00  -0.88398E-01   0.43441E+01   0.78283E+04
  116     1.7063   9.9999  -0.85441E+00  -0.13462E+00  -0.90537E-01   0.43367E+01   0.77600E+04
  117     1.7298  10.0473  -0.86598E+00  -0.13678E+00  -0.92695E-01   0.43295E+01   0.76902E+04
  118     1.7536  10.0942  -0.87762E+00  -0.13896E+00  -0.94871E-01   0.43225E+01   0.76209E+04
  119     1.7775  10.1405  -0.88933E+00  -0.14115E+00  -0.97067E-01   0.43155E+01   0.75507E+04
  120     1.8016  10.1863  -0.90111E+00  -0.14337E+00  -0.99282E-01   0.43087E+01   0.74797E+04
  121     1.8260  10.2316  -0.91296E+00  -0.14560E+00  -0.10152E+00   0.43021E+01   0.74086E+04
  122     1.8506  10.2763  -0.92488E+00  -0.14786E+00  -0.10377E+00   0.42956E+01   0.73361E+04
  123     1.8753  10.3205  -0.93687E+00  -0.15013E+00  -0.10605E+00   0.42892E+01   0.72637E+04
  124     1.9003  10.3642  -0.94893E+00  -0.15243E+00  -0.10834E+00   0.42830E+01   0.71904E+04
  125     1.9256  10.4073  -0.96105E+00  -0.15474E+00  -0.11065E+00   0.42769E+01   0.71169E+04
  126     1.9510  10.4499  -0.97325E+00  -0.15707E+00  -0.11299E+00   0.42709E+01   0.70431E+04
  127     1.9766  10.4921  -0.98551E+00  -0.15942E+00  -0.11534E+00   0.42650E+01   0.69686E+04
  128     2.0025  10.5337  -0.99784E+00  -0.16180E+00  -0.11771E+00   0.42593E+01   0.68936E+04
  129     2.0286  10.5748  -0.10102E+01  -0.16419E+00  -0.12010E+00   0.42537E+01   0.68184E+04
  130     2.0550  10.6155  -0.10227E+01  -0.16660E+00  -0.12251E+00   0.42482E+01   0.67433E+04
  131     2.0815  10.6556  -0.10352E+01  -0.16903E+00  -0.12494E+00   0.42428E+01   0.66674E+04
  132     2.1083  10.6953  -0.10478E+01  -0.17148E+00  -0.12739E+00   0.42376E+01   0.65917E+04
  133     2.1353  10.7345  -0.10605E+01  -0.17395E+00  -0.12986E+00   0.42325E+01   0.65155E+04
  134     2.1626  10.7732  -0.10733E+01  -0.17644E+00  -0.13235E+00   0.42274E+01   0.64390E+04
  135     2.1901  10.8115  -0.10861E+01  -0.17895E+00  -0.13487E+00   0.42225E+01   0.63625E+04
  136     2.2178  10.8492  -0.10990E+01  -0.18149E+00  -0.13740E+00   0.42177E+01   0.62853E+04
  137     2.2458  10.8866  -0.11119E+01  -0.18404E+00  -0.13995E+00   0.42130E+01   0.62085E+04
  138     2.2740  10.9235  -0.11249E+01  -0.18661E+00  -0.14252E+00   0.42084E+01   0.61314E+04
  139     2.3025  10.9599  -0.11380E+01  -0.18920E+00  -0.14511E+00   0.42039E+01   0.60544E+04
  140     2.3312  10.9959  -0.11512E+01  -0.19181E+00  -0.14772E+00   0.41995E+01   0.59774E+04
  141     2.3602  11.0314  -0.11644E+01  -0.19444E+00  -0.15036E+00   0.41952E+01   0.59002E+04
  142     2.3894  11.0665  -0.11777E+01  -0.19709E+00  -0.15301E+00   0.41910E+01   0.58232E+04
  143     2.4188  11.1012  -0.11910E+01  -0.19977E+00  -0.15568E+00   0.41868E+01   0.57464E+04
  144     2.4486  11.1355  -0.12045E+01  -0.20246E+00  -0.15838E+00   0.41828E+01   0.56697E+04
  145     2.4785  11.1693  -0.12180E+01  -0.20518E+00  -0.16109E+00   0.41789E+01   0.55928E+04
  146     2.5088  11.2027  -0.12315E+01  -0.20791E+00  -0.16383E+00   0.41750E+01   0.55162E+04
  147     2.5393  11.2358  -0.12452E+01  -0.21067E+00  -0.16658E+00   0.41713E+01   0.54397E+04
  148     2.5701  11.2684  -0.12589E+01  -0.21345E+00  -0.16936E+00   0.41676E+01   0.53633E+04
  149     2.6011  11.3006  -0.12727E+01  -0.21625E+00  -0.17216E+00   0.41640E+01   0.52867E+04
  150     2.6324  11.3324  -0.12865E+01  -0.21907E+00  -0.17498E+00   0.41605E+01   0.52106E+04
  151     2.6640  11.3638  -0.13004E+01  -0.22190E+00  -0.17782E+00   0.41570E+01   0.51345E+04
  152     2.6958  11.3948  -0.13144E+01  -0.22476E+00  -0.18068E+00   0.41537E+01   0.50588E+04
  153     2.7280  11.4255  -0.13284E+01  -0.22765E+00  -0.18356E+00   0.41504E+01   0.49837E+04
  154     2.7604  11.4557  -0.13426E+01  -0.23055E+00  -0.18646E+00   0.41472E+01   0.49091E+04
  155     2.7931  11.4856  -0.13567E+01  -0.23347E+00  -0.18938E+00   0.41440E+01   0.48348E+04
  156     2.8260  11.5151  -0.13710E+01  -0.23641E+00  -0.19233E+00   0.41410E+01   0.47608E+04
  157     2.8593  11.5443  -0.13853E+01  -0.23938E+00  -0.19529E+00   0.41380E+01   0.46870E+04
  158     2.8929  11.5731  -0.13997E+01  -0.24237E+00  -0.19828E+00   0.41350E+01   0.46137E+04
  159     2.9267  11.6015  -0.14142E+01  -0.24538E+00  -0.20129E+00   0.41322E+01   0.45402E+04
  160     2.9608  11.6296  -0.14287E+01  -0.24842E+00  -0.20433E+00   0.41294E+01   0.44674E+04
  161     2.9953  11.6573  -0.14433E+01  -0.25147E+00  -0.20738E+00   0.41266E+01   0.43950E+04
  162     3.0300  11.6847  -0.14580E+01  -0.25454E+00  -0.21046E+00   0.41240E+01   0.43227E+04
  163     3.0651  11.7117  -0.14727E+01  -0.25764E+00  -0.21355E+00   0.41213E+01   0.42516E+04
  164     3.1004  11.7384  -0.14875E+01  -0.26075E+00  -0.21667E+00   0.41188E+01   0.41800E+04
  165     3.1360  11.7648  -0.15024E+01  -0.26389E+00  -0.21980E+00   0.41163E+01   0.41095E+04
  166     3.1720  11.7908  -0.15174E+01  -0.26705E+00  -0.22296E+00   0.41138E+01   0.40401E+04
  167     3.2083  11.8165  -0.15324E+01  -0.27023E+00  -0.22615E+00   0.41115E+01   0.39709E+04
  168     3.2449  11.8419  -0.15475E+01  -0.27344E+00  -0.22935E+00   0.41091E+01   0.39026E+04
  169     3.2818  11.8670  -0.15626E+01  -0.27666E+00  -0.23257E+00   0.41068E+01   0.38347E+04
  170     3.3190  11.8918  -0.15779E+01  -0.27991E+00  -0.23583E+00   0.41046E+01   0.37672E+04
  171     3.3565  11.9162  -0.15932E+01  -0.28319E+00  -0.23910E+00   0.41024E+01   0.36996E+04
  172     3.3944  11.9403  -0.16085E+01  -0.28648E+00  -0.24240E+00   0.41003E+01   0.36329E+04
  173     3.4326  11.9642  -0.16240E+01  -0.28980E+00  -0.24571E+00   0.40982E+01   0.35668E+04
  174     3.4712  11.9877  -0.16395E+01  -0.29314E+00  -0.24905E+00   0.40962E+01   0.35012E+04
  175     3.5100  12.0109  -0.16551E+01  -0.29650E+00  -0.25241E+00   0.40942E+01   0.34362E+04
  176     3.5492  12.0339  -0.16707E+01  -0.29988E+00  -0.25579E+00   0.40922E+01   0.33721E+04
  177     3.5888  12.0565  -0.16864E+01  -0.30328E+00  -0.25920E+00   0.40903E+01   0.33084E+04
  178     3.6287  12.0789  -0.17022E+01  -0.30671E+00  -0.26262E+00   0.40885E+01   0.32456E+04
  179     3.6689  12.1010  -0.17181E+01  -0.31016E+00  -0.26607E+00   0.40867E+01   0.31838E+04
  180     3.7095  12.1228  -0.17340E+01  -0.31363E+00  -0.26955E+00   0.40849E+01   0.31224E+04
  181     3.7505  12.1443  -0.17500E+01  -0.31713E+00  -0.27304E+00   0.40832E+01   0.30616E+04
  182     3.7918  12.1656  -0.17661E+01  -0.32065E+00  -0.27656E+00   0.40815E+01   0.30014E+04
  183     3.8334  12.1866  -0.17823E+01  -0.32419E+00  -0.28011E+00   0.40798E+01   0.29420E+04
  184     3.8754  12.2073  -0.17985E+01  -0.32776E+00  -0.28367E+00   0.40782E+01   0.28830E+04
  185     3.9178  12.2277  -0.18148E+01  -0.33134E+00  -0.28726E+00   0.40766E+01   0.28251E+04
  186     3.9606  12.2480  -0.18312E+01  -0.33495E+00  -0.29087E+00   0.40750E+01   0.27677E+04
  187     4.0037  12.2679  -0.18476E+01  -0.33859E+00  -0.29450E+00   0.40735E+01   0.27110E+04
  188     4.0472  12.2876  -0.18641E+01  -0.34225E+00  -0.29816E+00   0.40720E+01   0.26551E+04
  189     4.0911  12.3070  -0.18807E+01  -0.34593E+00  -0.30184E+00   0.40706E+01   0.25997E+04
  190     4.1353  12.3262  -0.18973E+01  -0.34963E+00  -0.30555E+00   0.40692E+01   0.25453E+04
  191     4.1800  12.3452  -0.19141E+01  -0.35336E+00  -0.30928E+00   0.40678E+01   0.24914E+04
  192     4.2250  12.3639  -0.19309E+01  -0.35711E+00  -0.31303E+00   0.40664E+01   0.24382E+04
  193     4.2705  12.3824  -0.19478E+01  -0.36089E+00  -0.31680E+00   0.40651E+01   0.23858E+04
  194     4.3163  12.4006  -0.19647E+01  -0.36469E+00  -0.32060E+00   0.40638E+01   0.23342E+04
  195     4.3625  12.4186  -0.19817E+01  -0.36851E+00  -0.32442E+00   0.40625E+01   0.22833E+04
  196     4.4091  12.4364  -0.19988E+01  -0.37236E+00  -0.32827E+00   0.40613E+01   0.22330E+04
  197     4.4561  12.4539  -0.20160E+01  -0.37623E+00  -0.33214E+00   0.40601E+01   0.21836E+04
  198     4.5036  12.4713  -0.20332E+01  -0.38012E+00  -0.33604E+00   0.40589E+01   0.21348E+04
  199     4.5514  12.4884  -0.20505E+01  -0.38404E+00  -0.33996E+00   0.40577E+01   0.20869E+04
  200     4.5997  12.5053  -0.20679E+01  -0.38799E+00  -0.34390E+00   0.40566E+01   0.20395E+04
  201     4.6484  12.5219  -0.20854E+01  -0.39195E+00  -0.34787E+00   0.40555E+01   0.19927E+04
  202     4.6975  12.5384  -0.21029E+01  -0.39594E+00  -0.35186E+00   0.40544E+01   0.19468E+04
  203     4.7470  12.5547  -0.21206E+01  -0.39996E+00  -0.35587E+00   0.40533E+01   0.19017E+04
  204     4.7970  12.5707  -0.21383E+01  -0.40400E+00  -0.35991E+00   0.40523E+01   0.18573E+04
  205     4.8474  12.5865  -0.21560E+01  -0.40806E+00  -0.36398E+00   0.40513E+01   0.18137E+04
  206     4.8982  12.6022  -0.21739E+01  -0.41216E+00  -0.36807E+00   0.40503E+01   0.17707E+04
  207     4.9495  12.6176  -0.21918E+01  -0.41627E+00  -0.37218E+00   0.40493E+01   0.17285E+04
  208     5.0012  12.6329  -0.22098E+01  -0.42041E+00  -0.37632E+00   0.40484E+01   0.16868E+04
  209     5.0534  12.6479  -0.22279E+01  -0.42458E+00  -0.38049E+00   0.40474E+01   0.16458E+04
  210     5.1060  12.6628  -0.22460E+01  -0.42877E+00  -0.38468E+00   0.40465E+01   0.16057E+04
  211     5.1591  12.6774  -0.22642E+01  -0.43298E+00  -0.38889E+00   0.40456E+01   0.15662E+04
  212     5.2126  12.6919  -0.22825E+01  -0.43722E+00  -0.39313E+00   0.40447E+01   0.15273E+04
  213     5.2667  12.7062  -0.23009E+01  -0.44148E+00  -0.39740E+00   0.40439E+01   0.14893E+04
  214     5.3211  12.7203  -0.23194E+01  -0.44577E+00  -0.40169E+00   0.40430E+01   0.14521E+04
  215     5.3761  12.7342  -0.23379E+01  -0.45009E+00  -0.40600E+00   0.40422E+01   0.14154E+04
  216     5.4315  12.7480  -0.23565E+01  -0.45443E+00  -0.41035E+00   0.40414E+01   0.13794E+04
  217     5.4874  12.7615  -0.23752E+01  -0.45880E+00  -0.41472E+00   0.40406E+01   0.13440E+04
  218     5.5438  12.7749  -0.23940E+01  -0.46320E+00  -0.41911E+00   0.40399E+01   0.13093E+04
  219     5.6007  12.7882  -0.24128E+01  -0.46762E+00  -0.42353E+00   0.40391E+01   0.12753E+04
  220     5.6581  12.8012  -0.24318E+01  -0.47206E+00  -0.42798E+00   0.40384E+01   0.12417E+04
  221     5.7160  12.8141  -0.24508E+01  -0.47653E+00  -0.43244E+00   0.40377E+01   0.12091E+04
  222     5.7744  12.8269  -0.24698E+01  -0.48103E+00  -0.43694E+00   0.40370E+01   0.11770E+04
  223     5.8333  12.8394  -0.24890E+01  -0.48555E+00  -0.44146E+00   0.40363E+01   0.11457E+04
  224     5.8927  12.8518  -0.25082E+01  -0.49010E+00  -0.44601E+00   0.40356E+01   0.11149E+04
  225     5.9526  12.8641  -0.25276E+01  -0.49468E+00  -0.45059E+00   0.40349E+01   0.10849E+04
  226     6.0131  12.8762  -0.25470E+01  -0.49928E+00  -0.45519E+00   0.40343E+01   0.10552E+04
  227     6.0740  12.8881  -0.25665E+01  -0.50391E+00  -0.45983E+00   0.40337E+01   0.10263E+04
  228     6.1355  12.8999  -0.25860E+01  -0.50857E+00  -0.46448E+00   0.40330E+01   0.99791E+03
  229     6.1976  12.9115  -0.26057E+01  -0.51325E+00  -0.46917E+00   0.40324E+01   0.97003E+03
  230     6.2602  12.9230  -0.26254E+01  -0.51796E+00  -0.47388E+00   0.40318E+01   0.94294E+03
  231     6.3233  12.9343  -0.26452E+01  -0.52270E+00  -0.47861E+00   0.40312E+01   0.91631E+03
  232     6.3869  12.9455  -0.26651E+01  -0.52746E+00  -0.48338E+00   0.40307E+01   0.89038E+03
  233     6.4512  12.9565  -0.26851E+01  -0.53225E+00  -0.48817E+00   0.40301E+01   0.86496E+03
  234     6.5159  12.9674  -0.27052E+01  -0.53707E+00  -0.49299E+00   0.40296E+01   0.84015E+03
  235     6.5813  12.9782  -0.27253E+01  -0.54192E+00  -0.49783E+00   0.40290E+01   0.81584E+03
  236     6.6472  12.9888  -0.27455E+01  -0.54680E+00  -0.50271E+00   0.40285E+01   0.79219E+03
  237     6.7137  12.9993  -0.27659E+01  -0.55170E+00  -0.50761E+00   0.40280E+01   0.76901E+03
  238     6.7807  13.0097  -0.27863E+01  -0.55663E+00  -0.51254E+00   0.40275E+01   0.74636E+03
  239     6.8484  13.0199  -0.28067E+01  -0.56158E+00  -0.51750E+00   0.40270E+01   0.72415E+03
  240     6.9166  13.0300  -0.28273E+01  -0.56657E+00  -0.52248E+00   0.40265E+01   0.70264E+03
  241     6.9854  13.0399  -0.28480E+01  -0.57159E+00  -0.52750E+00   0.40260E+01   0.68148E+03
  242     7.0549  13.0498  -0.28687E+01  -0.57663E+00  -0.53254E+00   0.40256E+01   0.66089E+03
  243     7.1249  13.0595  -0.28895E+01  -0.58170E+00  -0.53761E+00   0.40251E+01   0.64073E+03
  244     7.1955  13.0690  -0.29104E+01  -0.58680E+00  -0.54271E+00   0.40247E+01   0.62127E+03
  245     7.2668  13.0785  -0.29314E+01  -0.59192E+00  -0.54784E+00   0.40242E+01   0.60203E+03
  246     7.3387  13.0878  -0.29525E+01  -0.59708E+00  -0.55300E+00   0.40238E+01   0.58339E+03
  247     7.4112  13.0970  -0.29737E+01  -0.60227E+00  -0.55818E+00   0.40234E+01   0.56523E+03
  248     7.4843  13.1061  -0.29949E+01  -0.60748E+00  -0.56340E+00   0.40230E+01   0.54747E+03
  249     7.5580  13.1151  -0.30163E+01  -0.61273E+00  -0.56864E+00   0.40226E+01   0.53019E+03
  250     7.6324  13.1240  -0.30377E+01  -0.61800E+00  -0.57391E+00   0.40222E+01   0.51328E+03
  251     7.7075  13.1327  -0.30593E+01  -0.62330E+00  -0.57922E+00   0.40218E+01   0.49686E+03
  252     7.7832  13.1414  -0.30809E+01  -0.62864E+00  -0.58455E+00   0.40214E+01   0.48095E+03
  253     7.8596  13.1499  -0.31026E+01  -0.63400E+00  -0.58991E+00   0.40210E+01   0.46536E+03
  254     7.9366  13.1583  -0.31244E+01  -0.63939E+00  -0.59530E+00   0.40207E+01   0.45021E+03
  255     8.0143  13.1666  -0.31462E+01  -0.64481E+00  -0.60072E+00   0.40203E+01   0.43547E+03
  256     8.0926  13.1748  -0.31682E+01  -0.65027E+00  -0.60618E+00   0.40200E+01   0.42110E+03
  257     8.1717  13.1829  -0.31903E+01  -0.65575E+00  -0.61166E+00   0.40196E+01   0.40713E+03
  258     8.2514  13.1909  -0.32124E+01  -0.66126E+00  -0.61717E+00   0.40193E+01   0.39355E+03
  259     8.3319  13.1988  -0.32347E+01  -0.66680E+00  -0.62271E+00   0.40189E+01   0.38037E+03
  260     8.4130  13.2066  -0.32570E+01  -0.67237E+00  -0.62829E+00   0.40186E+01   0.36749E+03
  261     8.4948  13.2143  -0.32795E+01  -0.67798E+00  -0.63389E+00   0.40183E+01   0.35506E+03
  262     8.5774  13.2219  -0.33020E+01  -0.68362E+00  -0.63953E+00   0.40180E+01   0.34293E+03
  263     8.6606  13.2293  -0.33246E+01  -0.68928E+00  -0.64520E+00   0.40177E+01   0.33107E+03
  264     8.7446  13.2367  -0.33473E+01  -0.69498E+00  -0.65089E+00   0.40174E+01   0.31964E+03
  265     8.8293  13.2440  -0.33701E+01  -0.70071E+00  -0.65662E+00   0.40171E+01   0.30847E+03
  266     8.9148  13.2512  -0.33930E+01  -0.70647E+00  -0.66238E+00   0.40168E+01   0.29772E+03
  267     9.0010  13.2584  -0.34160E+01  -0.71226E+00  -0.66817E+00   0.40165E+01   0.28722E+03
  268     9.0879  13.2654  -0.34391E+01  -0.71808E+00  -0.67399E+00   0.40162E+01   0.27706E+03
  269     9.1756  13.2723  -0.34623E+01  -0.72394E+00  -0.67985E+00   0.40160E+01   0.26719E+03
  270     9.2641  13.2792  -0.34856E+01  -0.72983E+00  -0.68574E+00   0.40157E+01   0.25765E+03
  271     9.3534  13.2859  -0.35090E+01  -0.73575E+00  -0.69166E+00   0.40155E+01   0.24830E+03
  272     9.4434  13.2926  -0.35325E+01  -0.74170E+00  -0.69761E+00   0.40152E+01   0.23929E+03
  273     9.5342  13.2992  -0.35560E+01  -0.74768E+00  -0.70359E+00   0.40149E+01   0.23054E+03
  274     9.6257  13.3056  -0.35797E+01  -0.75369E+00  -0.70961E+00   0.40147E+01   0.22208E+03
  275     9.7181  13.3121  -0.36035E+01  -0.75975E+00  -0.71566E+00   0.40145E+01   0.21387E+03
  276     9.8113  13.3184  -0.36274E+01  -0.76583E+00  -0.72174E+00   0.40142E+01   0.20597E+03
  277     9.9053  13.3246  -0.36513E+01  -0.77195E+00  -0.72786E+00   0.40140E+01   0.19828E+03
  278    10.0001  13.3308  -0.36754E+01  -0.77810E+00  -0.73401E+00   0.40138E+01   0.19084E+03
  279    10.0957  13.3369  -0.36996E+01  -0.78428E+00  -0.74019E+00   0.40135E+01   0.18364E+03
  280    10.1922  13.3429  -0.37239E+01  -0.79050E+00  -0.74641E+00   0.40133E+01   0.17663E+03
  281    10.2895  13.3488  -0.37483E+01  -0.79675E+00  -0.75266E+00   0.40131E+01   0.16988E+03
  282    10.3877  13.3547  -0.37727E+01  -0.80303E+00  -0.75895E+00   0.40129E+01   0.16331E+03
  283    10.4867  13.3605  -0.37973E+01  -0.80935E+00  -0.76526E+00   0.40127E+01   0.15699E+03
  284    10.5865  13.3662  -0.38220E+01  -0.81570E+00  -0.77161E+00   0.40125E+01   0.15091E+03
  285    10.6873  13.3718  -0.38468E+01  -0.82209E+00  -0.77800E+00   0.40123E+01   0.14500E+03
  286    10.7889  13.3774  -0.38717E+01  -0.82851E+00  -0.78442E+00   0.40121E+01   0.13928E+03
  287    10.8914  13.3829  -0.38967E+01  -0.83497E+00  -0.79088E+00   0.40119E+01   0.13377E+03
  288    10.9947  13.3883  -0.39218E+01  -0.84146E+00  -0.79738E+00   0.40117E+01   0.12843E+03
  289    11.0990  13.3936  -0.39470E+01  -0.84799E+00  -0.80390E+00   0.40115E+01   0.12331E+03
  290    11.2042  13.3989  -0.39723E+01  -0.85455E+00  -0.81046E+00   0.40113E+01   0.11832E+03
  291    11.3103  13.4041  -0.39977E+01  -0.86114E+00  -0.81706E+00   0.40111E+01   0.11353E+03
  292    11.4173  13.4093  -0.40233E+01  -0.86778E+00  -0.82369E+00   0.40110E+01   0.10892E+03
  293    11.5253  13.4143  -0.40489E+01  -0.87445E+00  -0.83036E+00   0.40108E+01   0.10446E+03
  294    11.6342  13.4193  -0.40746E+01  -0.88115E+00  -0.83707E+00   0.40106E+01   0.10013E+03
  295    11.7440  13.4243  -0.41005E+01  -0.88789E+00  -0.84381E+00   0.40105E+01   0.95980E+02
  296    11.8548  13.4292  -0.41265E+01  -0.89467E+00  -0.85058E+00   0.40103E+01   0.91981E+02
  297    11.9666  13.4340  -0.41525E+01  -0.90148E+00  -0.85739E+00   0.40101E+01   0.88113E+02
  298    12.0793  13.4388  -0.41787E+01  -0.90833E+00  -0.86424E+00   0.40100E+01   0.84418E+02
  299    12.1930  13.4435  -0.42050E+01  -0.91522E+00  -0.87113E+00   0.40098E+01   0.80846E+02
  300    12.3077  13.4481  -0.42314E+01  -0.92215E+00  -0.87806E+00   0.40097E+01   0.77386E+02
  301    12.4234  13.4527  -0.42579E+01  -0.92911E+00  -0.88502E+00   0.40095E+01   0.74053E+02
  302    12.5401  13.4572  -0.42846E+01  -0.93611E+00  -0.89203E+00   0.40094E+01   0.70863E+02
  303    12.6578  13.4616  -0.43113E+01  -0.94315E+00  -0.89906E+00   0.40092E+01   0.67778E+02
  304    12.7766  13.4660  -0.43381E+01  -0.95022E+00  -0.90613E+00   0.40091E+01   0.64828E+02
  305    12.8963  13.4704  -0.43651E+01  -0.95734E+00  -0.91325E+00   0.40089E+01   0.61980E+02
  306    13.0172  13.4747  -0.43922E+01  -0.96448E+00  -0.92040E+00   0.40088E+01   0.59261E+02
  307    13.1390  13.4789  -0.44194E+01  -0.97167E+00  -0.92759E+00   0.40087E+01   0.56482E+02
  308    13.2619  13.4831  -0.44467E+01  -0.97891E+00  -0.93482E+00   0.40085E+01   0.54090E+02
  309    13.3859  13.4872  -0.44742E+01  -0.98618E+00  -0.94209E+00   0.40084E+01   0.51665E+02
  310    13.5110  13.4913  -0.45018E+01  -0.99350E+00  -0.94941E+00   0.40083E+01   0.49330E+02
  311    13.6372  13.4953  -0.45294E+01  -0.10008E+01  -0.95674E+00   0.40082E+01   0.47074E+02
  312    13.7644  13.4993  -0.45572E+01  -0.10082E+01  -0.96412E+00   0.40080E+01   0.44967E+02
  313    13.8928  13.5032  -0.45851E+01  -0.10156E+01  -0.97155E+00   0.40079E+01   0.42879E+02
  314    14.0223  13.5071  -0.46131E+01  -0.10231E+01  -0.97901E+00   0.40078E+01   0.40906E+02
  315    14.1529  13.5109  -0.46413E+01  -0.10306E+01  -0.98652E+00   0.40077E+01   0.39003E+02
  316    14.2846  13.5146  -0.46695E+01  -0.10382E+01  -0.99406E+00   0.40076E+01   0.37182E+02
  317    14.4175  13.5184  -0.46979E+01  -0.10457E+01  -0.10017E+01   0.40075E+01   0.35431E+02
  318    14.5515  13.5220  -0.47264E+01  -0.10534E+01  -0.10093E+01   0.40074E+01   0.33759E+02
  319    14.6867  13.5257  -0.47551E+01  -0.10610E+01  -0.10169E+01   0.40072E+01   0.32157E+02
  320    14.8231  13.5292  -0.47838E+01  -0.10687E+01  -0.10247E+01   0.40071E+01   0.30623E+02
  321    14.9607  13.5328  -0.48127E+01  -0.10765E+01  -0.10324E+01   0.40070E+01   0.29151E+02
  322    15.0994  13.5363  -0.48418E+01  -0.10843E+01  -0.10402E+01   0.40069E+01   0.27736E+02
  323    15.2394  13.5397  -0.48709E+01  -0.10921E+01  -0.10480E+01   0.40068E+01   0.26396E+02
  324    15.3806  13.5431  -0.49001E+01  -0.11000E+01  -0.10559E+01   0.40067E+01   0.25101E+02
  325    15.5230  13.5464  -0.49295E+01  -0.11079E+01  -0.10638E+01   0.40066E+01   0.23875E+02
  326    15.6666  13.5498  -0.49590E+01  -0.11159E+01  -0.10718E+01   0.40065E+01   0.22689E+02
  327    15.8115  13.5530  -0.49887E+01  -0.11239E+01  -0.10798E+01   0.40064E+01   0.21565E+02
  328    15.9577  13.5562  -0.50185E+01  -0.11319E+01  -0.10878E+01   0.40063E+01   0.20490E+02
  329    16.1051  13.5594  -0.50484E+01  -0.11400E+01  -0.10959E+01   0.40063E+01   0.19455E+02
  330    16.2538  13.5626  -0.50784E+01  -0.11481E+01  -0.11041E+01   0.40062E+01   0.18480E+02
  331    16.4038  13.5657  -0.51086E+01  -0.11563E+01  -0.11122E+01   0.40061E+01   0.17543E+02
  332    16.5551  13.5687  -0.51389E+01  -0.11645E+01  -0.11205E+01   0.40060E+01   0.16645E+02
  333    16.7078  13.5717  -0.51693E+01  -0.11728E+01  -0.11287E+01   0.40059E+01   0.15787E+02
  334    16.8617  13.5747  -0.51999E+01  -0.11811E+01  -0.11370E+01   0.40058E+01   0.14972E+02
  335    17.0170  13.5777  -0.52306E+01  -0.11895E+01  -0.11454E+01   0.40057E+01   0.14193E+02
  336    17.1736  13.5806  -0.52614E+01  -0.11979E+01  -0.11538E+01   0.40057E+01   0.13457E+02
  337    17.3316  13.5835  -0.52924E+01  -0.12063E+01  -0.11622E+01   0.40056E+01   0.12745E+02
  338    17.4910  13.5863  -0.53235E+01  -0.12148E+01  -0.11707E+01   0.40055E+01   0.12074E+02
  339    17.6518  13.5891  -0.53547E+01  -0.12233E+01  -0.11793E+01   0.40054E+01   0.11433E+02
  340    17.8139  13.5918  -0.53861E+01  -0.12319E+01  -0.11878E+01   0.40054E+01   0.10820E+02
  341    17.9775  13.5946  -0.54176E+01  -0.12406E+01  -0.11965E+01   0.40053E+01   0.10241E+02
  342    18.1425  13.5972  -0.54493E+01  -0.12492E+01  -0.12051E+01   0.40052E+01   0.96879E+01
  343    18.3089  13.5999  -0.54811E+01  -0.12580E+01  -0.12139E+01   0.40051E+01   0.91622E+01
  344    18.4768  13.6025  -0.55130E+01  -0.12667E+01  -0.12226E+01   0.40051E+01   0.86612E+01
  345    18.6461  13.6051  -0.55451E+01  -0.12755E+01  -0.12314E+01   0.40050E+01   0.81855E+01
  346    18.8169  13.6077  -0.55773E+01  -0.12844E+01  -0.12403E+01   0.40049E+01   0.77355E+01
  347    18.9892  13.6102  -0.56097E+01  -0.12933E+01  -0.12492E+01   0.40049E+01   0.73045E+01
  348    19.1630  13.6127  -0.56422E+01  -0.13023E+01  -0.12582E+01   0.40048E+01   0.68938E+01
  349    19.3383  13.6151  -0.56748E+01  -0.13113E+01  -0.12672E+01   0.40047E+01   0.65121E+01
  350    19.5151  13.6175  -0.57076E+01  -0.13203E+01  -0.12762E+01   0.40047E+01   0.61425E+01
  351    19.6934  13.6199  -0.57406E+01  -0.13294E+01  -0.12853E+01   0.40046E+01   0.57957E+01
  352    19.8734  13.6223  -0.57737E+01  -0.13386E+01  -0.12945E+01   0.40045E+01   0.54634E+01
  353    20.0548  13.6246  -0.58069E+01  -0.13478E+01  -0.13037E+01   0.40045E+01   0.51502E+01
  354    20.2379  13.6269  -0.58403E+01  -0.13570E+01  -0.13129E+01   0.40044E+01   0.48535E+01
  355    20.4225  13.6292  -0.58738E+01  -0.13663E+01  -0.13222E+01   0.40044E+01   0.45710E+01
  356    20.6088  13.6314  -0.59075E+01  -0.13757E+01  -0.13316E+01   0.40043E+01   0.43033E+01
  357    20.7966  13.6337  -0.59414E+01  -0.13851E+01  -0.13410E+01   0.40042E+01   0.40509E+01
  358    20.9861  13.6358  -0.59753E+01  -0.13945E+01  -0.13504E+01   0.40042E+01   0.38133E+01
  359    21.1773  13.6380  -0.60095E+01  -0.14040E+01  -0.13599E+01   0.40041E+01   0.35867E+01
  360    21.3701  13.6401  -0.60438E+01  -0.14136E+01  -0.13695E+01   0.40041E+01   0.33737E+01
  361    21.5646  13.6422  -0.60782E+01  -0.14232E+01  -0.13791E+01   0.40040E+01   0.31698E+01
  362    21.7607  13.6443  -0.61128E+01  -0.14328E+01  -0.13888E+01   0.40040E+01   0.29791E+01
  363    21.9586  13.6463  -0.61476E+01  -0.14426E+01  -0.13985E+01   0.40039E+01   0.27977E+01
  364    22.1582  13.6484  -0.61825E+01  -0.14524E+01  -0.14083E+01   0.40000E+01   0.26271E+01
  365    22.3596  13.6504  -0.62176E+01  -0.14622E+01  -0.14181E+01   0.40000E+01   0.24669E+01
  366    22.5626  13.6523  -0.62528E+01  -0.14720E+01  -0.14279E+01   0.40000E+01   0.23097E+01
  367    22.7675  13.6543  -0.62882E+01  -0.14820E+01  -0.14379E+01   0.40000E+01   0.21726E+01
  368    22.9741  13.6562  -0.63235E+01  -0.14918E+01  -0.14477E+01   0.40000E+01   0.20374E+01
  369    23.1825  13.6581  -0.63595E+01  -0.15020E+01  -0.14579E+01   0.40000E+01   0.19090E+01
  370    23.3928  13.6600  -0.63954E+01  -0.15120E+01  -0.14679E+01   0.40000E+01   0.17905E+01
  371    23.6049  13.6618  -0.64314E+01  -0.15222E+01  -0.14781E+01   0.40000E+01   0.16746E+01
  372    23.8188  13.6636  -0.64676E+01  -0.15324E+01  -0.14883E+01   0.40000E+01   0.15677E+01
  373    24.0345  13.6654  -0.65040E+01  -0.15426E+01  -0.14985E+01   0.40000E+01   0.14673E+01
  374    24.2522  13.6672  -0.65405E+01  -0.15529E+01  -0.15088E+01   0.40000E+01   0.13726E+01
  375    24.4717  13.6689  -0.65772E+01  -0.15633E+01  -0.15192E+01   0.40000E+01   0.12836E+01
  376    24.6932  13.6707  -0.66141E+01  -0.15737E+01  -0.15296E+01   0.40000E+01   0.12003E+01
  377    24.9166  13.6724  -0.66511E+01  -0.15841E+01  -0.15400E+01   0.40000E+01   0.11215E+01
  378    25.1419  13.6741  -0.66884E+01  -0.15947E+01  -0.15506E+01   0.40000E+01   0.10484E+01
  379    25.3691  13.6757  -0.67257E+01  -0.16052E+01  -0.15611E+01   0.40000E+01   0.97819E+00
  380    25.5984  13.6774  -0.67633E+01  -0.16159E+01  -0.15718E+01   0.40000E+01   0.91331E+00
  381    25.8296  13.6790  -0.68010E+01  -0.16266E+01  -0.15825E+01   0.40000E+01   0.85193E+00
  382    26.0629  13.6806  -0.68389E+01  -0.16373E+01  -0.15932E+01   0.40000E+01   0.79472E+00
  383    26.2982  13.6822  -0.68770E+01  -0.16481E+01  -0.16040E+01   0.40000E+01   0.74070E+00
  384    26.5355  13.6837  -0.69152E+01  -0.16590E+01  -0.16149E+01   0.40000E+01   0.69048E+00
  385    26.7749  13.6853  -0.69537E+01  -0.16699E+01  -0.16258E+01   0.40000E+01   0.64331E+00
  386    27.0164  13.6868  -0.69923E+01  -0.16809E+01  -0.16368E+01   0.40000E+01   0.59887E+00
  387    27.2599  13.6883  -0.70310E+01  -0.16919E+01  -0.16479E+01   0.40000E+01   0.55734E+00
  388    27.5056  13.6898  -0.70699E+01  -0.17030E+01  -0.16590E+01   0.40000E+01   0.51864E+00
  389    27.7534  13.6912  -0.71091E+01  -0.17142E+01  -0.16701E+01   0.40000E+01   0.48230E+00
  390    28.0034  13.6927  -0.71484E+01  -0.17254E+01  -0.16813E+01   0.40000E+01   0.44846E+00
  391    28.2556  13.6941  -0.71879E+01  -0.17367E+01  -0.16926E+01   0.40000E+01   0.41691E+00
  392    28.5099  13.6955  -0.72275E+01  -0.17481E+01  -0.17040E+01   0.40000E+01   0.38717E+00
  393    28.7665  13.6969  -0.72674E+01  -0.17595E+01  -0.17154E+01   0.40000E+01   0.35946E+00
  394    29.0253  13.6982  -0.73074E+01  -0.17709E+01  -0.17268E+01   0.40000E+01   0.33361E+00
  395    29.2863  13.6996  -0.73476E+01  -0.17825E+01  -0.17384E+01   0.40000E+01   0.30951E+00
  396    29.5496  13.7009  -0.73880E+01  -0.17941E+01  -0.17500E+01   0.40000E+01   0.28686E+00
  397    29.8152  13.7022  -0.74286E+01  -0.18057E+01  -0.17616E+01   0.40000E+01   0.26605E+00
  398    30.0831  13.7035  -0.74694E+01  -0.18174E+01  -0.17733E+01   0.40000E+01   0.24651E+00
  399    30.3534  13.7048  -0.75103E+01  -0.18292E+01  -0.17851E+01   0.40000E+01   0.22831E+00
  400    30.6259  13.7061  -0.75515E+01  -0.18410E+01  -0.17969E+01   0.40000E+01   0.21130E+00
