    1     0.0001   0.0015  -0.15259E-04   0.00000E+00   0.10872E+00   0.13103E+02   0.26591E+01
    2     0.0088   0.1269  -0.11967E-02   0.39190E-04   0.10876E+00   0.13018E+02   0.22728E+01
    3     0.0176   0.2519  -0.25001E-02   0.55858E-04   0.10878E+00   0.12935E+02   0.24092E+01
    4     0.0264   0.3763  -0.38622E-02   0.65331E-04   0.10879E+00   0.12853E+02   0.25055E+01
    5     0.0353   0.5002  -0.52821E-02   0.68230E-04   0.10879E+00   0.12771E+02   0.25939E+01
    6     0.0443   0.6235  -0.67425E-02   0.68282E-04   0.10879E+00   0.12689E+02   0.26725E+01
    7     0.0534   0.7463  -0.82413E-02   0.66159E-04   0.10879E+00   0.12608E+02   0.27455E+01
    8     0.0626   0.8685  -0.97766E-02   0.61863E-04   0.10878E+00   0.12528E+02   0.28148E+01
    9     0.0718   0.9902  -0.11347E-01   0.56376E-04   0.10878E+00   0.12448E+02   0.28827E+01
   10     0.0811   1.1112  -0.12952E-01   0.48870E-04   0.10877E+00   0.12368E+02   0.29472E+01
   11     0.0905   1.2318  -0.14590E-01   0.40277E-04   0.10876E+00   0.12288E+02   0.30120E+01
   12     0.1000   1.3517  -0.16262E-01   0.30182E-04   0.10875E+00   0.12209E+02   0.30762E+01
   13     0.1096   1.4710  -0.17966E-01   0.19103E-04   0.10874E+00   0.12131E+02   0.31397E+01
   14     0.1192   1.5898  -0.19703E-01   0.67821E-05   0.10873E+00   0.12052E+02   0.32029E+01
   15     0.1290   1.7079  -0.21480E-01  -0.86978E-05   0.10871E+00   0.11974E+02   0.32672E+01
   16     0.1388   1.8254  -0.23279E-01  -0.23246E-04   0.10870E+00   0.11897E+02   0.33309E+01
   17     0.1487   1.9423  -0.25110E-01  -0.39297E-04   0.10868E+00   0.11820E+02   0.33933E+01
   18     0.1587   2.0586  -0.26974E-01  -0.56616E-04   0.10867E+00   0.11743E+02   0.34570E+01
   19     0.1687   2.1743  -0.28869E-01  -0.75671E-04   0.10865E+00   0.11666E+02   0.35208E+01
   20     0.1789   2.2893  -0.30798E-01  -0.96125E-04   0.10863E+00   0.11590E+02   0.35845E+01
   21     0.1891   2.4037  -0.32758E-01  -0.11808E-03   0.10860E+00   0.11514E+02   0.36485E+01
   22     0.1995   2.5174  -0.34751E-01  -0.14185E-03   0.10858E+00   0.11439E+02   0.37131E+01
   23     0.2099   2.6305  -0.36776E-01  -0.16754E-03   0.10855E+00   0.11364E+02   0.37783E+01
   24     0.2204   2.7429  -0.38824E-01  -0.19256E-03   0.10853E+00   0.11289E+02   0.37946E+01
   25     0.2310   2.8547  -0.40915E-01  -0.22244E-03   0.10850E+00   0.11215E+02   0.39101E+01
   26     0.2417   2.9657  -0.43040E-01  -0.25446E-03   0.10847E+00   0.11141E+02   0.39765E+01
   27     0.2525   3.0761  -0.45197E-01  -0.28836E-03   0.10843E+00   0.11068E+02   0.40436E+01
   28     0.2634   3.1859  -0.47387E-01  -0.32427E-03   0.10840E+00   0.10994E+02   0.41114E+01
   29     0.2744   3.2949  -0.49610E-01  -0.36268E-03   0.10836E+00   0.10922E+02   0.41795E+01
   30     0.2855   3.4033  -0.51867E-01  -0.40372E-03   0.10832E+00   0.10849E+02   0.42482E+01
   31     0.2967   3.5110  -0.54157E-01  -0.44705E-03   0.10828E+00   0.10777E+02   0.43175E+01
   32     0.3079   3.6179  -0.56481E-01  -0.49346E-03   0.10823E+00   0.10706E+02   0.43873E+01
   33     0.3193   3.7242  -0.58839E-01  -0.54273E-03   0.10818E+00   0.10634E+02   0.44579E+01
   34     0.3308   3.8297  -0.61230E-01  -0.59501E-03   0.10813E+00   0.10564E+02   0.45284E+01
   35     0.3423   3.9346  -0.63657E-01  -0.65054E-03   0.10807E+00   0.10493E+02   0.46004E+01
   36     0.3540   4.0387  -0.66118E-01  -0.70913E-03   0.10801E+00   0.10423E+02   0.46720E+01
   37     0.3658   4.1421  -0.68615E-01  -0.77105E-03   0.10795E+00   0.10353E+02   0.47450E+01
   38     0.3777   4.2448  -0.71147E-01  -0.83503E-03   0.10789E+00   0.10284E+02   0.48183E+01
   39     0.3896   4.3467  -0.73714E-01  -0.89821E-03   0.10782E+00   0.10216E+02   0.48918E+01
   40     0.4017   4.4480  -0.76318E-01  -0.96517E-03   0.10776E+00   0.10148E+02   0.49663E+01
   41     0.4139   4.5485  -0.78956E-01  -0.10355E-02   0.10769E+00   0.10080E+02   0.50418E+01
   42     0.4262   4.6482  -0.81630E-01  -0.11094E-02   0.10761E+00   0.10013E+02   0.51173E+01
   43     0.4386   4.7472  -0.84340E-01  -0.11889E-02   0.10753E+00   0.99463E+01   0.51936E+01
   44     0.4511   4.8455  -0.87086E-01  -0.12777E-02   0.10744E+00   0.98791E+01   0.52705E+01
   45     0.4637   4.9431  -0.89868E-01  -0.13704E-02   0.10735E+00   0.98125E+01   0.53483E+01
   46     0.4764   5.0398  -0.92688E-01  -0.14674E-02   0.10725E+00   0.97462E+01   0.54262E+01
   47     0.4893   5.1359  -0.95545E-01  -0.15692E-02   0.10715E+00   0.96803E+01   0.55051E+01
   48     0.5022   5.2312  -0.98441E-01  -0.16747E-02   0.10705E+00   0.96149E+01   0.55839E+01
   49     0.5153   5.3257  -0.10137E+00  -0.17829E-02   0.10694E+00   0.95501E+01   0.56637E+01
   50     0.5285   5.4195  -0.10434E+00  -0.18958E-02   0.10683E+00   0.94857E+01   0.57436E+01
   51     0.5417   5.5125  -0.10735E+00  -0.20132E-02   0.10671E+00   0.94217E+01   0.58249E+01
   52     0.5552   5.6048  -0.11040E+00  -0.21352E-02   0.10659E+00   0.93582E+01   0.59060E+01
   53     0.5687   5.6963  -0.11348E+00  -0.22608E-02   0.10646E+00   0.92951E+01   0.59883E+01
   54     0.5823   5.7871  -0.11660E+00  -0.23909E-02   0.10633E+00   0.92325E+01   0.60711E+01
   55     0.5961   5.8771  -0.11976E+00  -0.25265E-02   0.10620E+00   0.91703E+01   0.61540E+01
   56     0.6099   5.9663  -0.12297E+00  -0.26674E-02   0.10605E+00   0.91086E+01   0.62375E+01
   57     0.6239   6.0548  -0.12621E+00  -0.28131E-02   0.10591E+00   0.90472E+01   0.63213E+01
   58     0.6381   6.1425  -0.12948E+00  -0.29639E-02   0.10576E+00   0.89863E+01   0.64059E+01
   59     0.6523   6.2295  -0.13280E+00  -0.31199E-02   0.10560E+00   0.89259E+01   0.64911E+01
   60     0.6667   6.3157  -0.13616E+00  -0.32816E-02   0.10544E+00   0.88658E+01   0.65765E+01
   61     0.6812   6.4011  -0.13956E+00  -0.34486E-02   0.10527E+00   0.88062E+01   0.66621E+01
   62     0.6958   6.4858  -0.14300E+00  -0.36212E-02   0.10510E+00   0.87470E+01   0.67486E+01
   63     0.7105   6.5697  -0.14648E+00  -0.37997E-02   0.10492E+00   0.86882E+01   0.68357E+01
   64     0.7254   6.6529  -0.15000E+00  -0.39840E-02   0.10474E+00   0.86299E+01   0.69225E+01
   65     0.7404   6.7353  -0.15356E+00  -0.41748E-02   0.10455E+00   0.85719E+01   0.70107E+01
   66     0.7555   6.8170  -0.15716E+00  -0.43715E-02   0.10435E+00   0.85145E+01   0.70985E+01
   67     0.7708   6.8979  -0.16080E+00  -0.45741E-02   0.10415E+00   0.84574E+01   0.71867E+01
   68     0.7862   6.9781  -0.16449E+00  -0.47829E-02   0.10394E+00   0.84008E+01   0.72753E+01
   69     0.8017   7.0575  -0.16821E+00  -0.49982E-02   0.10372E+00   0.83445E+01   0.73644E+01
   70     0.8174   7.1361  -0.17198E+00  -0.52189E-02   0.10350E+00   0.82888E+01   0.74540E+01
   71     0.8332   7.2140  -0.17579E+00  -0.54465E-02   0.10328E+00   0.82334E+01   0.75439E+01
   72     0.8491   7.2912  -0.17964E+00  -0.56808E-02   0.10304E+00   0.81785E+01   0.76340E+01
   73     0.8652   7.3676  -0.18354E+00  -0.59219E-02   0.10280E+00   0.81240E+01   0.77243E+01
   74     0.8814   7.4433  -0.18748E+00  -0.61698E-02   0.10255E+00   0.80700E+01   0.78147E+01
   75     0.8977   7.5182  -0.19146E+00  -0.64250E-02   0.10230E+00   0.80163E+01   0.79054E+01
   76     0.9142   7.5924  -0.19548E+00  -0.66873E-02   0.10204E+00   0.79631E+01   0.79968E+01
   77     0.9309   7.6659  -0.19955E+00  -0.69555E-02   0.10177E+00   0.79103E+01   0.80879E+01
   78     0.9477   7.7386  -0.20366E+00  -0.72304E-02   0.10149E+00   0.78580E+01   0.81795E+01
   79     0.9646   7.8107  -0.20781E+00  -0.75128E-02   0.10121E+00   0.78061E+01   0.82711E+01
   80     0.9817   7.8820  -0.21200E+00  -0.78027E-02   0.10092E+00   0.77545E+01   0.83627E+01
   81     0.9989   7.9525  -0.21624E+00  -0.81002E-02   0.10062E+00   0.77035E+01   0.84544E+01
   82     1.0163   8.0224  -0.22053E+00  -0.84056E-02   0.10032E+00   0.76528E+01   0.85464E+01
   83     1.0338   8.0915  -0.22486E+00  -0.87186E-02   0.10000E+00   0.76025E+01   0.86383E+01
   84     1.0515   8.1600  -0.22923E+00  -0.90388E-02   0.99683E-01   0.75527E+01   0.87308E+01
   85     1.0693   8.2277  -0.23365E+00  -0.93672E-02   0.99355E-01   0.75032E+01   0.88224E+01
   86     1.0873   8.2947  -0.23812E+00  -0.97041E-02   0.99018E-01   0.74542E+01   0.89148E+01
   87     1.1055   8.3610  -0.24263E+00  -0.10049E-01   0.98674E-01   0.74056E+01   0.90068E+01
   88     1.1238   8.4267  -0.24718E+00  -0.10402E-01   0.98320E-01   0.73575E+01   0.90983E+01
   89     1.1423   8.4916  -0.25179E+00  -0.10763E-01   0.97959E-01   0.73097E+01   0.91902E+01
   90     1.1609   8.5559  -0.25644E+00  -0.11133E-01   0.97589E-01   0.72624E+01   0.92817E+01
   91     1.1797   8.6194  -0.26113E+00  -0.11511E-01   0.97212E-01   0.72155E+01   0.93734E+01
   92     1.1986   8.6823  -0.26587E+00  -0.11897E-01   0.96825E-01   0.71690E+01   0.94647E+01
   93     1.2177   8.7445  -0.27066E+00  -0.12292E-01   0.96430E-01   0.71229E+01   0.95559E+01
   94     1.2370   8.8061  -0.27549E+00  -0.12696E-01   0.96026E-01   0.70772E+01   0.96471E+01
   95     1.2565   8.8669  -0.28037E+00  -0.13109E-01   0.95613E-01   0.70319E+01   0.97376E+01
   96     1.2761   8.9272  -0.28530E+00  -0.13531E-01   0.95191E-01   0.69871E+01   0.98286E+01
   97     1.2959   8.9867  -0.29028E+00  -0.13962E-01   0.94760E-01   0.69426E+01   0.99182E+01
   98     1.3158   9.0456  -0.29530E+00  -0.14403E-01   0.94320E-01   0.68985E+01   0.10008E+02
   99     1.3360   9.1039  -0.30037E+00  -0.14853E-01   0.93870E-01   0.68549E+01   0.10097E+02
  100     1.3563   9.1615  -0.30549E+00  -0.15311E-01   0.93411E-01   0.68116E+01   0.10186E+02
  101     1.3767   9.2185  -0.31066E+00  -0.15780E-01   0.92942E-01   0.67688E+01   0.10274E+02
  102     1.3974   9.2748  -0.31588E+00  -0.16258E-01   0.92465E-01   0.67263E+01   0.10362E+02
  103     1.4183   9.3305  -0.32114E+00  -0.16745E-01   0.91978E-01   0.66843E+01   0.10449E+02
  104     1.4393   9.3856  -0.32645E+00  -0.17241E-01   0.91481E-01   0.66426E+01   0.10535E+02
  105     1.4605   9.4401  -0.33181E+00  -0.17748E-01   0.90974E-01   0.66013E+01   0.10622E+02
  106     1.4819   9.4940  -0.33722E+00  -0.18265E-01   0.90457E-01   0.65604E+01   0.10708E+02
  107     1.5035   9.5472  -0.34268E+00  -0.18792E-01   0.89930E-01   0.65199E+01   0.10793E+02
  108     1.5252   9.5999  -0.34819E+00  -0.19329E-01   0.89393E-01   0.64798E+01   0.10877E+02
  109     1.5472   9.6519  -0.35375E+00  -0.19877E-01   0.88846E-01   0.64401E+01   0.10960E+02
  110     1.5693   9.7034  -0.35936E+00  -0.20435E-01   0.88287E-01   0.64008E+01   0.11043E+02
  111     1.5917   9.7542  -0.36501E+00  -0.21002E-01   0.87720E-01   0.63618E+01   0.11125E+02
  112     1.6142   9.8045  -0.37072E+00  -0.21581E-01   0.87142E-01   0.63232E+01   0.11207E+02
  113     1.6369   9.8542  -0.37648E+00  -0.22170E-01   0.86553E-01   0.62850E+01   0.11288E+02
  114     1.6598   9.9033  -0.38229E+00  -0.22770E-01   0.85953E-01   0.62472E+01   0.11367E+02
  115     1.6830   9.9519  -0.38815E+00  -0.23381E-01   0.85341E-01   0.62098E+01   0.11447E+02
  116     1.7063   9.9999  -0.39406E+00  -0.24002E-01   0.84720E-01   0.61728E+01   0.11526E+02
  117     1.7298  10.0473  -0.40002E+00  -0.24634E-01   0.84088E-01   0.61361E+01   0.11603E+02
  118     1.7536  10.0942  -0.40604E+00  -0.25279E-01   0.83443E-01   0.60999E+01   0.11679E+02
  119     1.7775  10.1405  -0.41211E+00  -0.25935E-01   0.82788E-01   0.60640E+01   0.11754E+02
  120     1.8016  10.1863  -0.41822E+00  -0.26600E-01   0.82122E-01   0.60284E+01   0.11828E+02
  121     1.8260  10.2316  -0.42438E+00  -0.27276E-01   0.81446E-01   0.59932E+01   0.11902E+02
  122     1.8506  10.2763  -0.43061E+00  -0.27966E-01   0.80756E-01   0.59585E+01   0.11974E+02
  123     1.8753  10.3205  -0.43690E+00  -0.28671E-01   0.80051E-01   0.59241E+01   0.12045E+02
  124     1.9003  10.3642  -0.44323E+00  -0.29386E-01   0.79336E-01   0.58901E+01   0.12114E+02
  125     1.9256  10.4073  -0.44962E+00  -0.30112E-01   0.78611E-01   0.58564E+01   0.12183E+02
  126     1.9510  10.4499  -0.45606E+00  -0.30850E-01   0.77872E-01   0.58231E+01   0.12250E+02
  127     1.9766  10.4921  -0.46255E+00  -0.31601E-01   0.77121E-01   0.57902E+01   0.12316E+02
  128     2.0025  10.5337  -0.46910E+00  -0.32363E-01   0.76359E-01   0.57577E+01   0.12380E+02
  129     2.0286  10.5748  -0.47570E+00  -0.33137E-01   0.75585E-01   0.57255E+01   0.12443E+02
  130     2.0550  10.6155  -0.48236E+00  -0.33925E-01   0.74798E-01   0.56937E+01   0.12506E+02
  131     2.0815  10.6556  -0.48907E+00  -0.34724E-01   0.73998E-01   0.56622E+01   0.12567E+02
  132     2.1083  10.6953  -0.49583E+00  -0.35536E-01   0.73186E-01   0.56311E+01   0.12625E+02
  133     2.1353  10.7345  -0.50265E+00  -0.36362E-01   0.72360E-01   0.56004E+01   0.12681E+02
  134     2.1626  10.7732  -0.50953E+00  -0.37200E-01   0.71523E-01   0.55701E+01   0.12737E+02
  135     2.1901  10.8115  -0.51646E+00  -0.38050E-01   0.70672E-01   0.55401E+01   0.12791E+02
  136     2.2178  10.8492  -0.52345E+00  -0.38914E-01   0.69808E-01   0.55104E+01   0.12843E+02
  137     2.2458  10.8866  -0.53049E+00  -0.39790E-01   0.68932E-01   0.54811E+01   0.12895E+02
  138     2.2740  10.9235  -0.53759E+00  -0.40681E-01   0.68041E-01   0.54522E+01   0.12944E+02
  139     2.3025  10.9599  -0.54474E+00  -0.41584E-01   0.67138E-01   0.54237E+01   0.12992E+02
  140     2.3312  10.9959  -0.55195E+00  -0.42500E-01   0.66222E-01   0.53955E+01   0.13039E+02
  141     2.3602  11.0314  -0.55922E+00  -0.43430E-01   0.65292E-01   0.53676E+01   0.13083E+02
  142     2.3894  11.0665  -0.56655E+00  -0.44374E-01   0.64349E-01   0.53401E+01   0.13126E+02
  143     2.4188  11.1012  -0.57392E+00  -0.45329E-01   0.63393E-01   0.53130E+01   0.13167E+02
  144     2.4486  11.1355  -0.58136E+00  -0.46300E-01   0.62422E-01   0.52862E+01   0.13207E+02
  145     2.4785  11.1693  -0.58887E+00  -0.47287E-01   0.61436E-01   0.52598E+01   0.13244E+02
  146     2.5088  11.2027  -0.59643E+00  -0.48286E-01   0.60436E-01   0.52337E+01   0.13280E+02
  147     2.5393  11.2358  -0.60404E+00  -0.49300E-01   0.59423E-01   0.52080E+01   0.13314E+02
  148     2.5701  11.2684  -0.61172E+00  -0.50328E-01   0.58394E-01   0.51827E+01   0.13347E+02
  149     2.6011  11.3006  -0.61946E+00  -0.51371E-01   0.57352E-01   0.51577E+01   0.13376E+02
  150     2.6324  11.3324  -0.62725E+00  -0.52428E-01   0.56295E-01   0.51331E+01   0.13405E+02
  151     2.6640  11.3638  -0.63510E+00  -0.53499E-01   0.55223E-01   0.51088E+01   0.13432E+02
  152     2.6958  11.3948  -0.64302E+00  -0.54586E-01   0.54136E-01   0.50849E+01   0.13457E+02
  153     2.7280  11.4255  -0.65100E+00  -0.55687E-01   0.53035E-01   0.50613E+01   0.13478E+02
  154     2.7604  11.4557  -0.65903E+00  -0.56803E-01   0.51919E-01   0.50381E+01   0.13499E+02
  155     2.7931  11.4856  -0.66713E+00  -0.57934E-01   0.50788E-01   0.50152E+01   0.13518E+02
  156     2.8260  11.5151  -0.67528E+00  -0.59081E-01   0.49641E-01   0.49927E+01   0.13534E+02
  157     2.8593  11.5443  -0.68350E+00  -0.60243E-01   0.48480E-01   0.49705E+01   0.13548E+02
  158     2.8929  11.5731  -0.69178E+00  -0.61419E-01   0.47303E-01   0.49487E+01   0.13561E+02
  159     2.9267  11.6015  -0.70012E+00  -0.62612E-01   0.46111E-01   0.49272E+01   0.13571E+02
  160     2.9608  11.6296  -0.70852E+00  -0.63820E-01   0.44902E-01   0.49060E+01   0.13579E+02
  161     2.9953  11.6573  -0.71699E+00  -0.65044E-01   0.43678E-01   0.48852E+01   0.13585E+02
  162     3.0300  11.6847  -0.72552E+00  -0.66284E-01   0.42439E-01   0.48648E+01   0.13588E+02
  163     3.0651  11.7117  -0.73411E+00  -0.67541E-01   0.41181E-01   0.48446E+01   0.13589E+02
  164     3.1004  11.7384  -0.74277E+00  -0.68814E-01   0.39908E-01   0.48248E+01   0.13589E+02
  165     3.1360  11.7648  -0.75148E+00  -0.70101E-01   0.38621E-01   0.48054E+01   0.13586E+02
  166     3.1720  11.7908  -0.76026E+00  -0.71406E-01   0.37317E-01   0.47863E+01   0.13582E+02
  167     3.2083  11.8165  -0.76911E+00  -0.72727E-01   0.35995E-01   0.47676E+01   0.13574E+02
  168     3.2449  11.8419  -0.77802E+00  -0.74064E-01   0.34658E-01   0.47491E+01   0.13566E+02
  169     3.2818  11.8670  -0.78699E+00  -0.75419E-01   0.33303E-01   0.47310E+01   0.13555E+02
  170     3.3190  11.8918  -0.79603E+00  -0.76790E-01   0.31933E-01   0.47132E+01   0.13541E+02
  171     3.3565  11.9162  -0.80512E+00  -0.78176E-01   0.30546E-01   0.46958E+01   0.13525E+02
  172     3.3944  11.9403  -0.81429E+00  -0.79582E-01   0.29141E-01   0.46787E+01   0.13508E+02
  173     3.4326  11.9642  -0.82353E+00  -0.81005E-01   0.27718E-01   0.46619E+01   0.13487E+02
  174     3.4712  11.9877  -0.83283E+00  -0.82444E-01   0.26278E-01   0.46455E+01   0.13465E+02
  175     3.5100  12.0109  -0.84219E+00  -0.83901E-01   0.24821E-01   0.46293E+01   0.13441E+02
  176     3.5492  12.0339  -0.85162E+00  -0.85377E-01   0.23346E-01   0.46135E+01   0.13416E+02
  177     3.5888  12.0565  -0.86113E+00  -0.86871E-01   0.21851E-01   0.45980E+01   0.13386E+02
  178     3.6287  12.0789  -0.87070E+00  -0.88383E-01   0.20339E-01   0.45828E+01   0.13356E+02
  179     3.6689  12.1010  -0.88033E+00  -0.89912E-01   0.18811E-01   0.45679E+01   0.13324E+02
  180     3.7095  12.1228  -0.89003E+00  -0.91459E-01   0.17263E-01   0.45534E+01   0.13289E+02
  181     3.7505  12.1443  -0.89980E+00  -0.93025E-01   0.15698E-01   0.45391E+01   0.13252E+02
  182     3.7918  12.1656  -0.90964E+00  -0.94609E-01   0.14114E-01   0.45251E+01   0.13213E+02
  183     3.8334  12.1866  -0.91956E+00  -0.96216E-01   0.12506E-01   0.45115E+01   0.13170E+02
  184     3.8754  12.2073  -0.92952E+00  -0.97836E-01   0.10886E-01   0.44981E+01   0.13126E+02
  185     3.9178  12.2277  -0.93956E+00  -0.99475E-01   0.92469E-02   0.44850E+01   0.13082E+02
  186     3.9606  12.2480  -0.94968E+00  -0.10114E+00   0.75856E-02   0.44722E+01   0.13034E+02
  187     4.0037  12.2679  -0.95986E+00  -0.10282E+00   0.59058E-02   0.44598E+01   0.12984E+02
  188     4.0472  12.2876  -0.97012E+00  -0.10452E+00   0.42057E-02   0.44475E+01   0.12933E+02
  189     4.0911  12.3070  -0.98044E+00  -0.10624E+00   0.24871E-02   0.44356E+01   0.12877E+02
  190     4.1353  12.3262  -0.99083E+00  -0.10797E+00   0.75007E-03   0.44239E+01   0.12823E+02
  191     4.1800  12.3452  -0.10013E+01  -0.10973E+00  -0.10088E-02   0.44126E+01   0.12766E+02
  192     4.2250  12.3639  -0.10118E+01  -0.11151E+00  -0.27888E-02   0.44014E+01   0.12705E+02
  193     4.2705  12.3824  -0.10224E+01  -0.11331E+00  -0.45867E-02   0.43906E+01   0.12644E+02
  194     4.3163  12.4006  -0.10331E+01  -0.11513E+00  -0.64065E-02   0.43800E+01   0.12580E+02
  195     4.3625  12.4186  -0.10439E+01  -0.11697E+00  -0.82464E-02   0.43697E+01   0.12514E+02
  196     4.4091  12.4364  -0.10547E+01  -0.11883E+00  -0.10108E-01   0.43596E+01   0.12447E+02
  197     4.4561  12.4539  -0.10656E+01  -0.12071E+00  -0.11991E-01   0.43498E+01   0.12378E+02
  198     4.5036  12.4713  -0.10766E+01  -0.12262E+00  -0.13894E-01   0.43402E+01   0.12306E+02
  199     4.5514  12.4884  -0.10876E+01  -0.12454E+00  -0.15819E-01   0.43308E+01   0.12234E+02
  200     4.5997  12.5053  -0.10987E+01  -0.12649E+00  -0.17764E-01   0.43217E+01   0.12158E+02
  201     4.6484  12.5219  -0.11099E+01  -0.12845E+00  -0.19730E-01   0.43128E+01   0.12082E+02
  202     4.6975  12.5384  -0.11212E+01  -0.13044E+00  -0.21721E-01   0.43042E+01   0.12003E+02
  203     4.7470  12.5547  -0.11326E+01  -0.13245E+00  -0.23732E-01   0.42958E+01   0.11924E+02
  204     4.7970  12.5707  -0.11440E+01  -0.13449E+00  -0.25763E-01   0.42876E+01   0.11842E+02
  205     4.8474  12.5865  -0.11555E+01  -0.13654E+00  -0.27818E-01   0.42796E+01   0.11759E+02
  206     4.8982  12.6022  -0.11670E+01  -0.13862E+00  -0.29896E-01   0.42718E+01   0.11676E+02
  207     4.9495  12.6176  -0.11787E+01  -0.14072E+00  -0.31996E-01   0.42642E+01   0.11590E+02
  208     5.0012  12.6329  -0.11904E+01  -0.14284E+00  -0.34120E-01   0.42568E+01   0.11501E+02
  209     5.0534  12.6479  -0.12022E+01  -0.14499E+00  -0.36268E-01   0.42497E+01   0.11413E+02
  210     5.1060  12.6628  -0.12141E+01  -0.14716E+00  -0.38438E-01   0.42427E+01   0.11323E+02
  211     5.1591  12.6774  -0.12260E+01  -0.14935E+00  -0.40632E-01   0.42359E+01   0.11230E+02
  212     5.2126  12.6919  -0.12381E+01  -0.15157E+00  -0.42852E-01   0.42293E+01   0.11136E+02
  213     5.2667  12.7062  -0.12502E+01  -0.15382E+00  -0.45093E-01   0.42229E+01   0.11041E+02
  214     5.3211  12.7203  -0.12624E+01  -0.15608E+00  -0.47355E-01   0.42166E+01   0.10945E+02
  215     5.3761  12.7342  -0.12746E+01  -0.15837E+00  -0.49646E-01   0.42106E+01   0.10846E+02
  216     5.4315  12.7480  -0.12870E+01  -0.16068E+00  -0.51957E-01   0.42047E+01   0.10749E+02
  217     5.4874  12.7615  -0.12994E+01  -0.16301E+00  -0.54291E-01   0.41989E+01   0.10649E+02
  218     5.5438  12.7749  -0.13119E+01  -0.16537E+00  -0.56652E-01   0.41934E+01   0.10548E+02
  219     5.6007  12.7882  -0.13245E+01  -0.16776E+00  -0.59038E-01   0.41879E+01   0.10446E+02
  220     5.6581  12.8012  -0.13371E+01  -0.17017E+00  -0.61446E-01   0.41827E+01   0.10342E+02
  221     5.7160  12.8141  -0.13499E+01  -0.17261E+00  -0.63883E-01   0.41776E+01   0.10240E+02
  222     5.7744  12.8269  -0.13627E+01  -0.17507E+00  -0.66348E-01   0.41726E+01   0.10135E+02
  223     5.8333  12.8394  -0.13756E+01  -0.17756E+00  -0.68833E-01   0.41678E+01   0.10030E+02
  224     5.8927  12.8518  -0.13886E+01  -0.18007E+00  -0.71344E-01   0.41631E+01   0.99221E+01
  225     5.9526  12.8641  -0.14017E+01  -0.18260E+00  -0.73882E-01   0.41585E+01   0.98200E+01
  226     6.0131  12.8762  -0.14149E+01  -0.18517E+00  -0.76446E-01   0.41541E+01   0.96814E+01
  227     6.0740  12.8881  -0.14281E+01  -0.18776E+00  -0.79037E-01   0.41498E+01   0.95995E+01
  228     6.1355  12.8999  -0.14414E+01  -0.19038E+00  -0.81653E-01   0.41456E+01   0.94877E+01
  229     6.1976  12.9115  -0.14548E+01  -0.19302E+00  -0.84293E-01   0.41416E+01   0.93776E+01
  230     6.2602  12.9230  -0.14684E+01  -0.19570E+00  -0.86980E-01   0.41377E+01   0.92659E+01
  231     6.3233  12.9343  -0.14817E+01  -0.19830E+00  -0.89575E-01   0.41337E+01   0.91594E+01
  232     6.3869  12.9455  -0.14955E+01  -0.20108E+00  -0.92361E-01   0.41301E+01   0.90442E+01
  233     6.4512  12.9565  -0.15093E+01  -0.20386E+00  -0.95133E-01   0.41265E+01   0.89297E+01
  234     6.5159  12.9674  -0.15232E+01  -0.20663E+00  -0.97909E-01   0.41230E+01   0.88172E+01
  235     6.5813  12.9782  -0.15371E+01  -0.20943E+00  -0.10071E+00   0.41197E+01   0.87064E+01
  236     6.6472  12.9888  -0.15511E+01  -0.21226E+00  -0.10354E+00   0.41164E+01   0.86074E+01
  237     6.7137  12.9993  -0.15652E+01  -0.21513E+00  -0.10640E+00   0.41132E+01   0.84740E+01
  238     6.7807  13.0097  -0.15793E+01  -0.21801E+00  -0.10929E+00   0.41101E+01   0.83627E+01
  239     6.8484  13.0199  -0.15936E+01  -0.22093E+00  -0.11221E+00   0.41071E+01   0.82473E+01
  240     6.9166  13.0300  -0.16080E+01  -0.22387E+00  -0.11515E+00   0.41041E+01   0.81342E+01
  241     6.9854  13.0399  -0.16224E+01  -0.22684E+00  -0.11812E+00   0.41013E+01   0.80188E+01
  242     7.0549  13.0498  -0.16369E+01  -0.22984E+00  -0.12112E+00   0.40985E+01   0.79038E+01
  243     7.1249  13.0595  -0.16516E+01  -0.23287E+00  -0.12415E+00   0.40959E+01   0.77872E+01
  244     7.1955  13.0690  -0.16663E+01  -0.23593E+00  -0.12721E+00   0.40933E+01   0.76747E+01
  245     7.2668  13.0785  -0.16811E+01  -0.23902E+00  -0.13030E+00   0.40908E+01   0.75585E+01
  246     7.3387  13.0878  -0.16960E+01  -0.24213E+00  -0.13341E+00   0.40883E+01   0.74443E+01
  247     7.4112  13.0970  -0.17110E+01  -0.24528E+00  -0.13655E+00   0.40860E+01   0.73304E+01
  248     7.4843  13.1061  -0.17260E+01  -0.24845E+00  -0.13972E+00   0.40836E+01   0.72161E+01
  249     7.5580  13.1151  -0.17412E+01  -0.25165E+00  -0.14293E+00   0.40814E+01   0.71016E+01
  250     7.6324  13.1240  -0.17564E+01  -0.25489E+00  -0.14616E+00   0.40792E+01   0.69868E+01
  251     7.7075  13.1327  -0.17718E+01  -0.25815E+00  -0.14943E+00   0.40771E+01   0.68744E+01
  252     7.7832  13.1414  -0.17872E+01  -0.26145E+00  -0.15273E+00   0.40751E+01   0.67623E+01
  253     7.8596  13.1499  -0.18028E+01  -0.26477E+00  -0.15605E+00   0.40731E+01   0.66485E+01
  254     7.9366  13.1583  -0.18184E+01  -0.26813E+00  -0.15940E+00   0.40712E+01   0.65359E+01
  255     8.0143  13.1666  -0.18341E+01  -0.27150E+00  -0.16278E+00   0.40693E+01   0.64246E+01
  256     8.0926  13.1748  -0.18499E+01  -0.27493E+00  -0.16621E+00   0.40675E+01   0.63123E+01
  257     8.1717  13.1829  -0.18658E+01  -0.27837E+00  -0.16965E+00   0.40657E+01   0.62026E+01
  258     8.2514  13.1909  -0.18818E+01  -0.28185E+00  -0.17313E+00   0.40640E+01   0.60916E+01
  259     8.3319  13.1988  -0.18979E+01  -0.28536E+00  -0.17664E+00   0.40624E+01   0.59821E+01
  260     8.4130  13.2066  -0.19141E+01  -0.28890E+00  -0.18018E+00   0.40608E+01   0.58722E+01
  261     8.4948  13.2143  -0.19304E+01  -0.29247E+00  -0.18375E+00   0.40592E+01   0.57652E+01
  262     8.5774  13.2219  -0.19468E+01  -0.29607E+00  -0.18735E+00   0.40577E+01   0.56570E+01
  263     8.6606  13.2293  -0.19633E+01  -0.29971E+00  -0.19099E+00   0.40562E+01   0.55490E+01
  264     8.7446  13.2367  -0.19799E+01  -0.30338E+00  -0.19466E+00   0.40548E+01   0.54439E+01
  265     8.8293  13.2440  -0.19966E+01  -0.30708E+00  -0.19836E+00   0.40534E+01   0.53368E+01
  266     8.9148  13.2512  -0.20134E+01  -0.31081E+00  -0.20209E+00   0.40520E+01   0.52332E+01
  267     9.0010  13.2584  -0.20302E+01  -0.31458E+00  -0.20585E+00   0.40507E+01   0.51289E+01
  268     9.0879  13.2654  -0.20472E+01  -0.31837E+00  -0.20965E+00   0.40494E+01   0.50259E+01
  269     9.1756  13.2723  -0.20643E+01  -0.32220E+00  -0.21348E+00   0.40482E+01   0.49235E+01
  270     9.2641  13.2792  -0.20815E+01  -0.32606E+00  -0.21734E+00   0.40470E+01   0.48231E+01
  271     9.3534  13.2859  -0.20988E+01  -0.32996E+00  -0.22123E+00   0.40458E+01   0.47227E+01
  272     9.4434  13.2926  -0.21161E+01  -0.33389E+00  -0.22516E+00   0.40447E+01   0.46241E+01
  273     9.5342  13.2992  -0.21336E+01  -0.33785E+00  -0.22913E+00   0.40436E+01   0.45256E+01
  274     9.6257  13.3056  -0.21512E+01  -0.34185E+00  -0.23313E+00   0.40425E+01   0.44274E+01
  275     9.7181  13.3121  -0.21689E+01  -0.34587E+00  -0.23715E+00   0.40415E+01   0.43315E+01
  276     9.8113  13.3184  -0.21867E+01  -0.34994E+00  -0.24122E+00   0.40405E+01   0.42368E+01
  277     9.9053  13.3246  -0.22046E+01  -0.35404E+00  -0.24532E+00   0.40395E+01   0.41426E+01
  278    10.0001  13.3308  -0.22226E+01  -0.35817E+00  -0.24944E+00   0.40385E+01   0.40497E+01
  279    10.0957  13.3369  -0.22407E+01  -0.36233E+00  -0.25361E+00   0.40376E+01   0.39576E+01
  280    10.1922  13.3429  -0.22589E+01  -0.36654E+00  -0.25782E+00   0.40367E+01   0.38666E+01
  281    10.2895  13.3488  -0.22772E+01  -0.37077E+00  -0.26205E+00   0.40358E+01   0.37777E+01
  282    10.3877  13.3547  -0.22956E+01  -0.37504E+00  -0.26632E+00   0.40349E+01   0.36885E+01
  283    10.4867  13.3605  -0.23141E+01  -0.37934E+00  -0.27062E+00   0.40341E+01   0.36012E+01
  284    10.5865  13.3662  -0.23328E+01  -0.38369E+00  -0.27497E+00   0.40333E+01   0.35160E+01
  285    10.6873  13.3718  -0.23515E+01  -0.38807E+00  -0.27934E+00   0.40325E+01   0.34304E+01
  286    10.7889  13.3774  -0.23703E+01  -0.39248E+00  -0.28375E+00   0.40317E+01   0.33466E+01
  287    10.8914  13.3829  -0.23893E+01  -0.39693E+00  -0.28820E+00   0.40310E+01   0.32642E+01
  288    10.9947  13.3883  -0.24084E+01  -0.40141E+00  -0.29269E+00   0.40303E+01   0.31830E+01
  289    11.0990  13.3936  -0.24275E+01  -0.40593E+00  -0.29720E+00   0.40296E+01   0.31032E+01
  290    11.2042  13.3989  -0.24468E+01  -0.41048E+00  -0.30176E+00   0.40289E+01   0.30240E+01
  291    11.3103  13.4041  -0.24662E+01  -0.41507E+00  -0.30635E+00   0.40282E+01   0.29459E+01
  292    11.4173  13.4093  -0.24857E+01  -0.41971E+00  -0.31098E+00   0.40276E+01   0.28702E+01
  293    11.5253  13.4143  -0.25053E+01  -0.42437E+00  -0.31565E+00   0.40269E+01   0.27955E+01
  294    11.6342  13.4193  -0.25250E+01  -0.42907E+00  -0.32035E+00   0.40263E+01   0.27209E+01
  295    11.7440  13.4243  -0.25449E+01  -0.43381E+00  -0.32509E+00   0.40257E+01   0.26482E+01
  296    11.8548  13.4292  -0.25648E+01  -0.43859E+00  -0.32986E+00   0.40251E+01   0.25769E+01
  297    11.9666  13.4340  -0.25849E+01  -0.44340E+00  -0.33468E+00   0.40246E+01   0.25066E+01
  298    12.0793  13.4388  -0.26050E+01  -0.44825E+00  -0.33953E+00   0.40240E+01   0.24383E+01
  299    12.1930  13.4435  -0.26253E+01  -0.45314E+00  -0.34442E+00   0.40235E+01   0.23705E+01
  300    12.3077  13.4481  -0.26457E+01  -0.45807E+00  -0.34935E+00   0.40230E+01   0.23039E+01
  301    12.4234  13.4527  -0.26662E+01  -0.46303E+00  -0.35431E+00   0.40225E+01   0.22389E+01
  302    12.5401  13.4572  -0.26869E+01  -0.46804E+00  -0.35931E+00   0.40220E+01   0.21753E+01
  303    12.6578  13.4616  -0.27076E+01  -0.47307E+00  -0.36435E+00   0.40215E+01   0.21127E+01
  304    12.7766  13.4660  -0.27285E+01  -0.47816E+00  -0.36944E+00   0.40210E+01   0.20513E+01
  305    12.8963  13.4704  -0.27495E+01  -0.48328E+00  -0.37456E+00   0.40206E+01   0.19912E+01
  306    13.0172  13.4747  -0.27706E+01  -0.48844E+00  -0.37972E+00   0.40201E+01   0.19327E+01
  307    13.1390  13.4789  -0.27918E+01  -0.49363E+00  -0.38491E+00   0.40197E+01   0.18745E+01
  308    13.2619  13.4831  -0.28131E+01  -0.49887E+00  -0.39015E+00   0.40193E+01   0.18184E+01
  309    13.3859  13.4872  -0.28346E+01  -0.50415E+00  -0.39543E+00   0.40188E+01   0.17629E+01
  310    13.5110  13.4913  -0.28561E+01  -0.50946E+00  -0.40074E+00   0.40184E+01   0.17092E+01
  311    13.6372  13.4953  -0.28779E+01  -0.51483E+00  -0.40611E+00   0.40181E+01   0.16561E+01
  312    13.7644  13.4993  -0.28996E+01  -0.52022E+00  -0.41150E+00   0.40177E+01   0.16047E+01
  313    13.8928  13.5032  -0.29216E+01  -0.52566E+00  -0.41694E+00   0.40173E+01   0.15539E+01
  314    14.0223  13.5071  -0.29436E+01  -0.53114E+00  -0.42242E+00   0.40169E+01   0.15044E+01
  315    14.1529  13.5109  -0.29658E+01  -0.53665E+00  -0.42793E+00   0.40166E+01   0.14564E+01
  316    14.2846  13.5146  -0.29881E+01  -0.54221E+00  -0.43349E+00   0.40162E+01   0.14093E+01
  317    14.4175  13.5184  -0.30105E+01  -0.54781E+00  -0.43909E+00   0.40159E+01   0.13632E+01
  318    14.5515  13.5220  -0.30331E+01  -0.55346E+00  -0.44473E+00   0.40156E+01   0.13186E+01
  319    14.6867  13.5257  -0.30558E+01  -0.55914E+00  -0.45042E+00   0.40153E+01   0.12749E+01
  320    14.8231  13.5292  -0.30786E+01  -0.56486E+00  -0.45614E+00   0.40149E+01   0.12320E+01
  321    14.9607  13.5328  -0.31015E+01  -0.57063E+00  -0.46191E+00   0.40146E+01   0.11904E+01
  322    15.0994  13.5363  -0.31245E+01  -0.57644E+00  -0.46771E+00   0.40143E+01   0.11498E+01
  323    15.2394  13.5397  -0.31477E+01  -0.58229E+00  -0.47357E+00   0.40141E+01   0.11102E+01
  324    15.3806  13.5431  -0.31710E+01  -0.58818E+00  -0.47946E+00   0.40138E+01   0.10720E+01
  325    15.5230  13.5464  -0.31945E+01  -0.59411E+00  -0.48539E+00   0.40135E+01   0.10350E+01
  326    15.6666  13.5498  -0.32180E+01  -0.60008E+00  -0.49136E+00   0.40132E+01   0.99820E+00
  327    15.8115  13.5530  -0.32417E+01  -0.60612E+00  -0.49740E+00   0.40130E+01   0.96326E+00
  328    15.9577  13.5562  -0.32656E+01  -0.61218E+00  -0.50346E+00   0.40127E+01   0.92779E+00
  329    16.1051  13.5594  -0.32895E+01  -0.61829E+00  -0.50957E+00   0.40125E+01   0.89520E+00
  330    16.2538  13.5626  -0.33136E+01  -0.62446E+00  -0.51573E+00   0.40122E+01   0.86263E+00
  331    16.4038  13.5657  -0.33377E+01  -0.63062E+00  -0.52190E+00   0.40120E+01   0.83105E+00
  332    16.5551  13.5687  -0.33621E+01  -0.63688E+00  -0.52815E+00   0.40118E+01   0.80035E+00
  333    16.7078  13.5717  -0.33866E+01  -0.64316E+00  -0.53444E+00   0.40115E+01   0.77242E+00
  334    16.8617  13.5747  -0.34112E+01  -0.64949E+00  -0.54076E+00   0.40113E+01   0.74153E+00
  335    17.0170  13.5777  -0.34360E+01  -0.65586E+00  -0.54714E+00   0.40111E+01   0.71329E+00
  336    17.1736  13.5806  -0.34609E+01  -0.66228E+00  -0.55356E+00   0.40109E+01   0.68637E+00
  337    17.3316  13.5835  -0.34859E+01  -0.66874E+00  -0.56002E+00   0.40107E+01   0.65963E+00
  338    17.4910  13.5863  -0.35110E+01  -0.67525E+00  -0.56653E+00   0.40105E+01   0.63402E+00
  339    17.6518  13.5891  -0.35363E+01  -0.68180E+00  -0.57308E+00   0.40103E+01   0.60949E+00
  340    17.8139  13.5918  -0.35618E+01  -0.68840E+00  -0.57967E+00   0.40101E+01   0.58524E+00
  341    17.9775  13.5946  -0.35873E+01  -0.69504E+00  -0.58632E+00   0.40099E+01   0.56209E+00
  342    18.1425  13.5972  -0.36130E+01  -0.70173E+00  -0.59301E+00   0.40097E+01   0.53982E+00
  343    18.3089  13.5999  -0.36389E+01  -0.70847E+00  -0.59974E+00   0.40095E+01   0.51800E+00
  344    18.4768  13.6025  -0.36649E+01  -0.71525E+00  -0.60653E+00   0.40094E+01   0.49687E+00
  345    18.6461  13.6051  -0.36910E+01  -0.72208E+00  -0.61336E+00   0.40092E+01   0.47673E+00
  346    18.8169  13.6077  -0.37173E+01  -0.72896E+00  -0.62024E+00   0.40090E+01   0.45712E+00
  347    18.9892  13.6102  -0.37437E+01  -0.73589E+00  -0.62717E+00   0.40089E+01   0.43790E+00
  348    19.1630  13.6127  -0.37702E+01  -0.74286E+00  -0.63414E+00   0.40087E+01   0.41957E+00
  349    19.3383  13.6151  -0.37969E+01  -0.74989E+00  -0.64116E+00   0.40085E+01   0.40206E+00
  350    19.5151  13.6175  -0.38237E+01  -0.75695E+00  -0.64822E+00   0.40084E+01   0.38475E+00
  351    19.6934  13.6199  -0.38507E+01  -0.76406E+00  -0.65534E+00   0.40082E+01   0.36843E+00
  352    19.8734  13.6223  -0.38778E+01  -0.77122E+00  -0.66250E+00   0.40081E+01   0.35243E+00
  353    20.0548  13.6246  -0.39051E+01  -0.77844E+00  -0.66971E+00   0.40080E+01   0.33703E+00
  354    20.2379  13.6269  -0.39325E+01  -0.78570E+00  -0.67698E+00   0.40078E+01   0.32237E+00
  355    20.4225  13.6292  -0.39601E+01  -0.79302E+00  -0.68430E+00   0.40077E+01   0.30809E+00
  356    20.6088  13.6314  -0.39878E+01  -0.80046E+00  -0.69174E+00   0.40000E+01   0.29432E+00
  357    20.7966  13.6337  -0.40156E+01  -0.80786E+00  -0.69913E+00   0.40000E+01   0.28117E+00
  358    20.9861  13.6358  -0.40437E+01  -0.81532E+00  -0.70659E+00   0.40000E+01   0.26852E+00
  359    21.1773  13.6380  -0.40718E+01  -0.82282E+00  -0.71410E+00   0.40000E+01   0.25635E+00
  360    21.3701  13.6401  -0.41001E+01  -0.83037E+00  -0.72165E+00   0.40000E+01   0.24462E+00
  361    21.5646  13.6422  -0.41286E+01  -0.83798E+00  -0.72925E+00   0.40000E+01   0.23333E+00
  362    21.7607  13.6443  -0.41572E+01  -0.84564E+00  -0.73692E+00   0.40000E+01   0.22250E+00
  363    21.9586  13.6463  -0.41860E+01  -0.85335E+00  -0.74463E+00   0.40000E+01   0.21213E+00
  364    22.1582  13.6484  -0.42148E+01  -0.86109E+00  -0.75237E+00   0.40000E+01   0.20206E+00
  365    22.3596  13.6504  -0.42439E+01  -0.86892E+00  -0.76020E+00   0.40000E+01   0.19243E+00
  366    22.5626  13.6523  -0.42732E+01  -0.87678E+00  -0.76806E+00   0.40000E+01   0.18324E+00
  367    22.7675  13.6543  -0.43025E+01  -0.88469E+00  -0.77597E+00   0.40000E+01   0.17445E+00
  368    22.9741  13.6562  -0.43321E+01  -0.89265E+00  -0.78393E+00   0.40000E+01   0.16597E+00
  369    23.1825  13.6581  -0.43618E+01  -0.90068E+00  -0.79196E+00   0.40000E+01   0.15788E+00
  370    23.3928  13.6600  -0.43916E+01  -0.90875E+00  -0.80002E+00   0.40000E+01   0.15006E+00
  371    23.6049  13.6618  -0.44216E+01  -0.91687E+00  -0.80814E+00   0.40000E+01   0.14262E+00
  372    23.8188  13.6636  -0.44517E+01  -0.92503E+00  -0.81631E+00   0.40000E+01   0.13549E+00
  373    24.0345  13.6654  -0.44821E+01  -0.93327E+00  -0.82454E+00   0.40000E+01   0.12868E+00
  374    24.2522  13.6672  -0.45125E+01  -0.94154E+00  -0.83282E+00   0.40000E+01   0.12219E+00
  375    24.4717  13.6689  -0.45432E+01  -0.94988E+00  -0.84116E+00   0.40000E+01   0.11593E+00
  376    24.6932  13.6707  -0.45740E+01  -0.95827E+00  -0.84955E+00   0.40000E+01   0.11001E+00
  377    24.9166  13.6724  -0.46050E+01  -0.96671E+00  -0.85799E+00   0.40000E+01   0.10431E+00
  378    25.1419  13.6741  -0.46361E+01  -0.97521E+00  -0.86649E+00   0.40000E+01   0.98921E-01
  379    25.3691  13.6757  -0.46674E+01  -0.98376E+00  -0.87503E+00   0.40000E+01   0.93677E-01
  380    25.5984  13.6774  -0.46988E+01  -0.99236E+00  -0.88363E+00   0.40000E+01   0.88754E-01
  381    25.8296  13.6790  -0.47305E+01  -0.10010E+01  -0.89230E+00   0.40000E+01   0.84024E-01
  382    26.0629  13.6806  -0.47622E+01  -0.10097E+01  -0.90099E+00   0.40000E+01   0.79552E-01
  383    26.2982  13.6822  -0.47942E+01  -0.10185E+01  -0.90978E+00   0.40000E+01   0.75235E-01
  384    26.5355  13.6837  -0.48263E+01  -0.10273E+01  -0.91861E+00   0.40000E+01   0.71176E-01
  385    26.7749  13.6853  -0.48586E+01  -0.10362E+01  -0.92749E+00   0.40000E+01   0.67297E-01
  386    27.0164  13.6868  -0.48910E+01  -0.10451E+01  -0.93642E+00   0.40000E+01   0.63555E-01
  387    27.2599  13.6883  -0.49237E+01  -0.10541E+01  -0.94542E+00   0.40000E+01   0.60043E-01
  388    27.5056  13.6898  -0.49564E+01  -0.10632E+01  -0.95445E+00   0.40000E+01   0.56707E-01
  389    27.7534  13.6912  -0.49894E+01  -0.10723E+01  -0.96356E+00   0.40000E+01   0.53518E-01
  390    28.0034  13.6927  -0.50225E+01  -0.10815E+01  -0.97273E+00   0.40000E+01   0.50537E-01
  391    28.2556  13.6941  -0.50558E+01  -0.10907E+01  -0.98194E+00   0.40000E+01   0.47635E-01
  392    28.5099  13.6955  -0.50892E+01  -0.10999E+01  -0.99122E+00   0.40000E+01   0.44911E-01
  393    28.7665  13.6969  -0.51229E+01  -0.11093E+01  -0.10005E+01   0.40000E+01   0.42304E-01
  394    29.0253  13.6982  -0.51567E+01  -0.11187E+01  -0.10099E+01   0.40000E+01   0.39859E-01
  395    29.2863  13.6996  -0.51906E+01  -0.11281E+01  -0.10194E+01   0.40000E+01   0.37547E-01
  396    29.5496  13.7009  -0.52248E+01  -0.11376E+01  -0.10289E+01   0.40000E+01   0.35332E-01
  397    29.8152  13.7022  -0.52591E+01  -0.11472E+01  -0.10384E+01   0.40000E+01   0.33252E-01
  398    30.0831  13.7035  -0.52936E+01  -0.11568E+01  -0.10481E+01   0.40000E+01   0.31278E-01
  399    30.3534  13.7048  -0.53283E+01  -0.11665E+01  -0.10577E+01   0.40000E+01   0.29385E-01
  400    30.6259  13.7061  -0.53632E+01  -0.11762E+01  -0.10675E+01   0.40000E+01   0.27620E-01
