    1     0.0001   0.0015  -0.40592E-04  -0.33652E-05   0.25425E-01   0.49387E+01   0.71330E+05
    2     0.0088   0.1269  -0.47141E-02  -0.63711E-03   0.24792E-01   0.49214E+01   0.88751E+05
    3     0.0176   0.2519  -0.98445E-02  -0.13987E-02   0.24030E-01   0.49053E+01   0.93099E+05
    4     0.0264   0.3763  -0.15204E-01  -0.22201E-02   0.23209E-01   0.48898E+01   0.95806E+05
    5     0.0353   0.5002  -0.20739E-01  -0.30846E-02   0.22344E-01   0.48747E+01   0.97871E+05
    6     0.0443   0.6235  -0.26432E-01  -0.39875E-02   0.21441E-01   0.48600E+01   0.99574E+05
    7     0.0534   0.7463  -0.32262E-01  -0.49228E-02   0.20506E-01   0.48456E+01   0.10100E+06
    8     0.0626   0.8685  -0.38220E-01  -0.58872E-02   0.19542E-01   0.48316E+01   0.10222E+06
    9     0.0718   0.9902  -0.44298E-01  -0.68794E-02   0.18549E-01   0.48178E+01   0.10330E+06
   10     0.0811   1.1112  -0.50494E-01  -0.78982E-02   0.17530E-01   0.48042E+01   0.10420E+06
   11     0.0905   1.2318  -0.56809E-01  -0.89438E-02   0.16485E-01   0.47909E+01   0.10505E+06
   12     0.1000   1.3517  -0.63223E-01  -0.10012E-01   0.15417E-01   0.47778E+01   0.10580E+06
   13     0.1096   1.4710  -0.69746E-01  -0.11103E-01   0.14326E-01   0.47650E+01   0.10647E+06
   14     0.1192   1.5898  -0.76373E-01  -0.12217E-01   0.13211E-01   0.47524E+01   0.10707E+06
   15     0.1290   1.7079  -0.83103E-01  -0.13355E-01   0.12074E-01   0.47399E+01   0.10760E+06
   16     0.1388   1.8254  -0.89933E-01  -0.14514E-01   0.10915E-01   0.47277E+01   0.10811E+06
   17     0.1487   1.9423  -0.96862E-01  -0.15696E-01   0.97330E-02   0.47157E+01   0.10851E+06
   18     0.1587   2.0586  -0.10389E+00  -0.16898E-01   0.85309E-02   0.47039E+01   0.10890E+06
   19     0.1687   2.1743  -0.11101E+00  -0.18121E-01   0.73075E-02   0.46922E+01   0.10924E+06
   20     0.1789   2.2893  -0.11822E+00  -0.19364E-01   0.60642E-02   0.46808E+01   0.10951E+06
   21     0.1891   2.4037  -0.12553E+00  -0.20629E-01   0.47995E-02   0.46695E+01   0.10974E+06
   22     0.1995   2.5174  -0.13294E+00  -0.21914E-01   0.35144E-02   0.46585E+01   0.10994E+06
   23     0.2099   2.6305  -0.14044E+00  -0.23221E-01   0.22077E-02   0.46475E+01   0.11010E+06
   24     0.2204   2.7429  -0.14799E+00  -0.24537E-01   0.89185E-03   0.46367E+01   0.10881E+06
   25     0.2310   2.8547  -0.15568E+00  -0.25887E-01  -0.45830E-03   0.46262E+01   0.11031E+06
   26     0.2417   2.9657  -0.16347E+00  -0.27259E-01  -0.18302E-02   0.46158E+01   0.11035E+06
   27     0.2525   3.0761  -0.17135E+00  -0.28653E-01  -0.32241E-02   0.46055E+01   0.11036E+06
   28     0.2634   3.1859  -0.17933E+00  -0.30068E-01  -0.46397E-02   0.45955E+01   0.11034E+06
   29     0.2744   3.2949  -0.18740E+00  -0.31506E-01  -0.60771E-02   0.45856E+01   0.11028E+06
   30     0.2855   3.4033  -0.19556E+00  -0.32965E-01  -0.75362E-02   0.45758E+01   0.11019E+06
   31     0.2967   3.5110  -0.20382E+00  -0.34445E-01  -0.90167E-02   0.45663E+01   0.11006E+06
   32     0.3079   3.6179  -0.21217E+00  -0.35948E-01  -0.10519E-01   0.45568E+01   0.10989E+06
   33     0.3193   3.7242  -0.22062E+00  -0.37470E-01  -0.12042E-01   0.45475E+01   0.10970E+06
   34     0.3308   3.8297  -0.22915E+00  -0.39014E-01  -0.13586E-01   0.45384E+01   0.10946E+06
   35     0.3423   3.9346  -0.23777E+00  -0.40580E-01  -0.15151E-01   0.45294E+01   0.10920E+06
   36     0.3540   4.0387  -0.24648E+00  -0.42166E-01  -0.16737E-01   0.45206E+01   0.10890E+06
   37     0.3658   4.1421  -0.25528E+00  -0.43772E-01  -0.18344E-01   0.45118E+01   0.10858E+06
   38     0.3777   4.2448  -0.26417E+00  -0.45399E-01  -0.19970E-01   0.45033E+01   0.10824E+06
   39     0.3896   4.3467  -0.27314E+00  -0.47046E-01  -0.21617E-01   0.44948E+01   0.10786E+06
   40     0.4017   4.4480  -0.28220E+00  -0.48712E-01  -0.23283E-01   0.44866E+01   0.10746E+06
   41     0.4139   4.5485  -0.29135E+00  -0.50399E-01  -0.24970E-01   0.44784E+01   0.10705E+06
   42     0.4262   4.6482  -0.30058E+00  -0.52106E-01  -0.26677E-01   0.44704E+01   0.10660E+06
   43     0.4386   4.7472  -0.30990E+00  -0.53835E-01  -0.28406E-01   0.44625E+01   0.10613E+06
   44     0.4511   4.8455  -0.31931E+00  -0.55585E-01  -0.30157E-01   0.44547E+01   0.10564E+06
   45     0.4637   4.9431  -0.32881E+00  -0.57358E-01  -0.31929E-01   0.44471E+01   0.10514E+06
   46     0.4764   5.0398  -0.33840E+00  -0.59153E-01  -0.33724E-01   0.44396E+01   0.10460E+06
   47     0.4893   5.1359  -0.34808E+00  -0.60968E-01  -0.35540E-01   0.44323E+01   0.10406E+06
   48     0.5022   5.2312  -0.35785E+00  -0.62806E-01  -0.37378E-01   0.44250E+01   0.10348E+06
   49     0.5153   5.3257  -0.36770E+00  -0.64666E-01  -0.39237E-01   0.44179E+01   0.10288E+06
   50     0.5285   5.4195  -0.37765E+00  -0.66547E-01  -0.41119E-01   0.44109E+01   0.10226E+06
   51     0.5417   5.5125  -0.38768E+00  -0.68450E-01  -0.43021E-01   0.44040E+01   0.10162E+06
   52     0.5552   5.6048  -0.39779E+00  -0.70373E-01  -0.44944E-01   0.43972E+01   0.10095E+06
   53     0.5687   5.6963  -0.40799E+00  -0.72316E-01  -0.46888E-01   0.43905E+01   0.10027E+06
   54     0.5823   5.7871  -0.41826E+00  -0.74280E-01  -0.48851E-01   0.43840E+01   0.99565E+05
   55     0.5961   5.8771  -0.42863E+00  -0.76264E-01  -0.50835E-01   0.43776E+01   0.98837E+05
   56     0.6099   5.9663  -0.43907E+00  -0.78268E-01  -0.52839E-01   0.43712E+01   0.98094E+05
   57     0.6239   6.0548  -0.44959E+00  -0.80292E-01  -0.54863E-01   0.43650E+01   0.97330E+05
   58     0.6381   6.1425  -0.46020E+00  -0.82336E-01  -0.56907E-01   0.43589E+01   0.96556E+05
   59     0.6523   6.2295  -0.47088E+00  -0.84400E-01  -0.58972E-01   0.43528E+01   0.95770E+05
   60     0.6667   6.3157  -0.48165E+00  -0.86485E-01  -0.61056E-01   0.43469E+01   0.94972E+05
   61     0.6812   6.4011  -0.49249E+00  -0.88590E-01  -0.63162E-01   0.43411E+01   0.94160E+05
   62     0.6958   6.4858  -0.50342E+00  -0.90716E-01  -0.65287E-01   0.43354E+01   0.93347E+05
   63     0.7105   6.5697  -0.51443E+00  -0.92862E-01  -0.67433E-01   0.43297E+01   0.92530E+05
   64     0.7254   6.6529  -0.52551E+00  -0.95027E-01  -0.69598E-01   0.43242E+01   0.91698E+05
   65     0.7404   6.7353  -0.53668E+00  -0.97212E-01  -0.71783E-01   0.43188E+01   0.90871E+05
   66     0.7555   6.8170  -0.54792E+00  -0.99417E-01  -0.73989E-01   0.43134E+01   0.90024E+05
   67     0.7708   6.8979  -0.55925E+00  -0.10164E+00  -0.76215E-01   0.43082E+01   0.89163E+05
   68     0.7862   6.9781  -0.57066E+00  -0.10389E+00  -0.78464E-01   0.43030E+01   0.88287E+05
   69     0.8017   7.0575  -0.58215E+00  -0.10617E+00  -0.80736E-01   0.42979E+01   0.87399E+05
   70     0.8174   7.1361  -0.59373E+00  -0.10846E+00  -0.83030E-01   0.42930E+01   0.86502E+05
   71     0.8332   7.2140  -0.60540E+00  -0.11077E+00  -0.85345E-01   0.42881E+01   0.85588E+05
   72     0.8491   7.2912  -0.61713E+00  -0.11311E+00  -0.87680E-01   0.42833E+01   0.84664E+05
   73     0.8652   7.3676  -0.62894E+00  -0.11546E+00  -0.90033E-01   0.42786E+01   0.83729E+05
   74     0.8814   7.4433  -0.64082E+00  -0.11783E+00  -0.92403E-01   0.42740E+01   0.82785E+05
   75     0.8977   7.5182  -0.65277E+00  -0.12022E+00  -0.94792E-01   0.42694E+01   0.81834E+05
   76     0.9142   7.5924  -0.66478E+00  -0.12263E+00  -0.97196E-01   0.42649E+01   0.80899E+05
   77     0.9309   7.6659  -0.67686E+00  -0.12505E+00  -0.99618E-01   0.42604E+01   0.79961E+05
   78     0.9477   7.7386  -0.68901E+00  -0.12749E+00  -0.10206E+00   0.42561E+01   0.78989E+05
   79     0.9646   7.8107  -0.70123E+00  -0.12995E+00  -0.10452E+00   0.42518E+01   0.78051E+05
   80     0.9817   7.8820  -0.71353E+00  -0.13243E+00  -0.10700E+00   0.42476E+01   0.77109E+05
   81     0.9989   7.9525  -0.72590E+00  -0.13492E+00  -0.10950E+00   0.42434E+01   0.76175E+05
   82     1.0163   8.0224  -0.73839E+00  -0.13746E+00  -0.11203E+00   0.42394E+01   0.75240E+05
   83     1.0338   8.0915  -0.75091E+00  -0.14000E+00  -0.11457E+00   0.42354E+01   0.74312E+05
   84     1.0515   8.1600  -0.76350E+00  -0.14255E+00  -0.11712E+00   0.42315E+01   0.73384E+05
   85     1.0693   8.2277  -0.77619E+00  -0.14514E+00  -0.11971E+00   0.42277E+01   0.72436E+05
   86     1.0873   8.2947  -0.78895E+00  -0.14774E+00  -0.12231E+00   0.42239E+01   0.71491E+05
   87     1.1055   8.3610  -0.80178E+00  -0.15037E+00  -0.12494E+00   0.42202E+01   0.70502E+05
   88     1.1238   8.4267  -0.81469E+00  -0.15301E+00  -0.12758E+00   0.42165E+01   0.69555E+05
   89     1.1423   8.4916  -0.82767E+00  -0.15568E+00  -0.13025E+00   0.42130E+01   0.68584E+05
   90     1.1609   8.5559  -0.84071E+00  -0.15836E+00  -0.13293E+00   0.42095E+01   0.67628E+05
   91     1.1797   8.6194  -0.85381E+00  -0.16105E+00  -0.13562E+00   0.42060E+01   0.66667E+05
   92     1.1986   8.6823  -0.86697E+00  -0.16376E+00  -0.13833E+00   0.42026E+01   0.65703E+05
   93     1.2177   8.7445  -0.88019E+00  -0.16649E+00  -0.14106E+00   0.41992E+01   0.64758E+05
   94     1.2370   8.8061  -0.89345E+00  -0.16923E+00  -0.14380E+00   0.41959E+01   0.63816E+05
   95     1.2565   8.8669  -0.90682E+00  -0.17200E+00  -0.14657E+00   0.41926E+01   0.62875E+05
   96     1.2761   8.9272  -0.92025E+00  -0.17478E+00  -0.14936E+00   0.41895E+01   0.61947E+05
   97     1.2959   8.9867  -0.93373E+00  -0.17758E+00  -0.15216E+00   0.41863E+01   0.61023E+05
   98     1.3158   9.0456  -0.94731E+00  -0.18041E+00  -0.15498E+00   0.41833E+01   0.60110E+05
   99     1.3360   9.1039  -0.96095E+00  -0.18326E+00  -0.15783E+00   0.41802E+01   0.59197E+05
  100     1.3563   9.1615  -0.97466E+00  -0.18612E+00  -0.16069E+00   0.41773E+01   0.58277E+05
  101     1.3767   9.2185  -0.98843E+00  -0.18900E+00  -0.16357E+00   0.41744E+01   0.57370E+05
  102     1.3974   9.2748  -0.10023E+01  -0.19190E+00  -0.16647E+00   0.41715E+01   0.56467E+05
  103     1.4183   9.3305  -0.10162E+01  -0.19481E+00  -0.16939E+00   0.41687E+01   0.55561E+05
  104     1.4393   9.3856  -0.10301E+01  -0.19775E+00  -0.17232E+00   0.41659E+01   0.54668E+05
  105     1.4605   9.4401  -0.10441E+01  -0.20070E+00  -0.17527E+00   0.41631E+01   0.53782E+05
  106     1.4819   9.4940  -0.10582E+01  -0.20366E+00  -0.17823E+00   0.41604E+01   0.52902E+05
  107     1.5035   9.5472  -0.10724E+01  -0.20665E+00  -0.18122E+00   0.41578E+01   0.52028E+05
  108     1.5252   9.5999  -0.10866E+01  -0.20966E+00  -0.18423E+00   0.41552E+01   0.51162E+05
  109     1.5472   9.6519  -0.11009E+01  -0.21268E+00  -0.18725E+00   0.41527E+01   0.50303E+05
  110     1.5693   9.7034  -0.11152E+01  -0.21573E+00  -0.19030E+00   0.41502E+01   0.49449E+05
  111     1.5917   9.7542  -0.11296E+01  -0.21879E+00  -0.19336E+00   0.41477E+01   0.48593E+05
  112     1.6142   9.8045  -0.11441E+01  -0.22187E+00  -0.19644E+00   0.41453E+01   0.47802E+05
  113     1.6369   9.8542  -0.11586E+01  -0.22496E+00  -0.19953E+00   0.41429E+01   0.46921E+05
  114     1.6598   9.9033  -0.11732E+01  -0.22807E+00  -0.20265E+00   0.41406E+01   0.46104E+05
  115     1.6830   9.9519  -0.11879E+01  -0.23120E+00  -0.20578E+00   0.41383E+01   0.45289E+05
  116     1.7063   9.9999  -0.12026E+01  -0.23435E+00  -0.20892E+00   0.41360E+01   0.44486E+05
  117     1.7298  10.0473  -0.12174E+01  -0.23755E+00  -0.21212E+00   0.41338E+01   0.43676E+05
  118     1.7536  10.0942  -0.12322E+01  -0.24070E+00  -0.21527E+00   0.41316E+01   0.42897E+05
  119     1.7775  10.1405  -0.12471E+01  -0.24391E+00  -0.21848E+00   0.41294E+01   0.42113E+05
  120     1.8016  10.1863  -0.12620E+01  -0.24713E+00  -0.22170E+00   0.41273E+01   0.41345E+05
  121     1.8260  10.2316  -0.12771E+01  -0.25037E+00  -0.22494E+00   0.41253E+01   0.40539E+05
  122     1.8506  10.2763  -0.12922E+01  -0.25363E+00  -0.22820E+00   0.41232E+01   0.39820E+05
  123     1.8753  10.3205  -0.13073E+01  -0.25690E+00  -0.23147E+00   0.41212E+01   0.39065E+05
  124     1.9003  10.3642  -0.13225E+01  -0.26019E+00  -0.23476E+00   0.41192E+01   0.38323E+05
  125     1.9256  10.4073  -0.13378E+01  -0.26350E+00  -0.23807E+00   0.41173E+01   0.37591E+05
  126     1.9510  10.4499  -0.13531E+01  -0.26682E+00  -0.24139E+00   0.41154E+01   0.36869E+05
  127     1.9766  10.4921  -0.13684E+01  -0.27017E+00  -0.24474E+00   0.41135E+01   0.36156E+05
  128     2.0025  10.5337  -0.13839E+01  -0.27353E+00  -0.24810E+00   0.41117E+01   0.35454E+05
  129     2.0286  10.5748  -0.13994E+01  -0.27691E+00  -0.25148E+00   0.41098E+01   0.34762E+05
  130     2.0550  10.6155  -0.14149E+01  -0.28030E+00  -0.25488E+00   0.41080E+01   0.34081E+05
  131     2.0815  10.6556  -0.14306E+01  -0.28372E+00  -0.25829E+00   0.41063E+01   0.33404E+05
  132     2.1083  10.6953  -0.14462E+01  -0.28715E+00  -0.26173E+00   0.41046E+01   0.32735E+05
  133     2.1353  10.7345  -0.14620E+01  -0.29061E+00  -0.26518E+00   0.41029E+01   0.32072E+05
  134     2.1626  10.7732  -0.14778E+01  -0.29408E+00  -0.26865E+00   0.41012E+01   0.31418E+05
  135     2.1901  10.8115  -0.14936E+01  -0.29757E+00  -0.27214E+00   0.40996E+01   0.30774E+05
  136     2.2178  10.8492  -0.15096E+01  -0.30107E+00  -0.27564E+00   0.40980E+01   0.30139E+05
  137     2.2458  10.8866  -0.15255E+01  -0.30459E+00  -0.27916E+00   0.40964E+01   0.29515E+05
  138     2.2740  10.9235  -0.15415E+01  -0.30813E+00  -0.28270E+00   0.40948E+01   0.28902E+05
  139     2.3025  10.9599  -0.15576E+01  -0.31168E+00  -0.28625E+00   0.40933E+01   0.28300E+05
  140     2.3312  10.9959  -0.15737E+01  -0.31525E+00  -0.28982E+00   0.40918E+01   0.27708E+05
  141     2.3602  11.0314  -0.15900E+01  -0.31885E+00  -0.29342E+00   0.40903E+01   0.27124E+05
  142     2.3894  11.0665  -0.16062E+01  -0.32246E+00  -0.29703E+00   0.40888E+01   0.26548E+05
  143     2.4188  11.1012  -0.16226E+01  -0.32610E+00  -0.30067E+00   0.40874E+01   0.25980E+05
  144     2.4486  11.1355  -0.16390E+01  -0.32975E+00  -0.30432E+00   0.40860E+01   0.25419E+05
  145     2.4785  11.1693  -0.16554E+01  -0.33342E+00  -0.30799E+00   0.40846E+01   0.24862E+05
  146     2.5088  11.2027  -0.16719E+01  -0.33710E+00  -0.31167E+00   0.40832E+01   0.24314E+05
  147     2.5393  11.2358  -0.16885E+01  -0.34080E+00  -0.31537E+00   0.40819E+01   0.23776E+05
  148     2.5701  11.2684  -0.17051E+01  -0.34452E+00  -0.31909E+00   0.40806E+01   0.23249E+05
  149     2.6011  11.3006  -0.17217E+01  -0.34825E+00  -0.32282E+00   0.40793E+01   0.22732E+05
  150     2.6324  11.3324  -0.17384E+01  -0.35200E+00  -0.32657E+00   0.40780E+01   0.22229E+05
  151     2.6640  11.3638  -0.17552E+01  -0.35577E+00  -0.33034E+00   0.40767E+01   0.21729E+05
  152     2.6958  11.3948  -0.17721E+01  -0.35956E+00  -0.33413E+00   0.40755E+01   0.21239E+05
  153     2.7280  11.4255  -0.17890E+01  -0.36337E+00  -0.33795E+00   0.40743E+01   0.20759E+05
  154     2.7604  11.4557  -0.18060E+01  -0.36721E+00  -0.34178E+00   0.40731E+01   0.20285E+05
  155     2.7931  11.4856  -0.18230E+01  -0.37106E+00  -0.34563E+00   0.40719E+01   0.19819E+05
  156     2.8260  11.5151  -0.18401E+01  -0.37492E+00  -0.34949E+00   0.40707E+01   0.19360E+05
  157     2.8593  11.5443  -0.18572E+01  -0.37881E+00  -0.35338E+00   0.40696E+01   0.18907E+05
  158     2.8929  11.5731  -0.18744E+01  -0.38271E+00  -0.35728E+00   0.40685E+01   0.18466E+05
  159     2.9267  11.6015  -0.18917E+01  -0.38663E+00  -0.36120E+00   0.40674E+01   0.18031E+05
  160     2.9608  11.6296  -0.19090E+01  -0.39056E+00  -0.36514E+00   0.40663E+01   0.17605E+05
  161     2.9953  11.6573  -0.19264E+01  -0.39452E+00  -0.36909E+00   0.40653E+01   0.17186E+05
  162     3.0300  11.6847  -0.19438E+01  -0.39850E+00  -0.37307E+00   0.40642E+01   0.16774E+05
  163     3.0651  11.7117  -0.19613E+01  -0.40250E+00  -0.37707E+00   0.40632E+01   0.16372E+05
  164     3.1004  11.7384  -0.19788E+01  -0.40651E+00  -0.38108E+00   0.40622E+01   0.15976E+05
  165     3.1360  11.7648  -0.19965E+01  -0.41054E+00  -0.38511E+00   0.40612E+01   0.15587E+05
  166     3.1720  11.7908  -0.20141E+01  -0.41459E+00  -0.38916E+00   0.40602E+01   0.15208E+05
  167     3.2083  11.8165  -0.20318E+01  -0.41866E+00  -0.39323E+00   0.40592E+01   0.14834E+05
  168     3.2449  11.8419  -0.20496E+01  -0.42275E+00  -0.39732E+00   0.40583E+01   0.14469E+05
  169     3.2818  11.8670  -0.20675E+01  -0.42686E+00  -0.40143E+00   0.40574E+01   0.14110E+05
  170     3.3190  11.8918  -0.20854E+01  -0.43099E+00  -0.40556E+00   0.40564E+01   0.13758E+05
  171     3.3565  11.9162  -0.21034E+01  -0.43514E+00  -0.40971E+00   0.40555E+01   0.13412E+05
  172     3.3944  11.9403  -0.21214E+01  -0.43930E+00  -0.41387E+00   0.40547E+01   0.13074E+05
  173     3.4326  11.9642  -0.21395E+01  -0.44349E+00  -0.41806E+00   0.40538E+01   0.12742E+05
  174     3.4712  11.9877  -0.21576E+01  -0.44769E+00  -0.42226E+00   0.40529E+01   0.12418E+05
  175     3.5100  12.0109  -0.21758E+01  -0.45191E+00  -0.42648E+00   0.40521E+01   0.12100E+05
  176     3.5492  12.0339  -0.21941E+01  -0.45615E+00  -0.43073E+00   0.40512E+01   0.11790E+05
  177     3.5888  12.0565  -0.22125E+01  -0.46042E+00  -0.43499E+00   0.40504E+01   0.11485E+05
  178     3.6287  12.0789  -0.22308E+01  -0.46470E+00  -0.43927E+00   0.40496E+01   0.11187E+05
  179     3.6689  12.1010  -0.22493E+01  -0.46900E+00  -0.44358E+00   0.40488E+01   0.10895E+05
  180     3.7095  12.1228  -0.22678E+01  -0.47333E+00  -0.44790E+00   0.40481E+01   0.10609E+05
  181     3.7505  12.1443  -0.22864E+01  -0.47767E+00  -0.45224E+00   0.40473E+01   0.10328E+05
  182     3.7918  12.1656  -0.23050E+01  -0.48203E+00  -0.45660E+00   0.40466E+01   0.10053E+05
  183     3.8334  12.1866  -0.23237E+01  -0.48641E+00  -0.46098E+00   0.40458E+01   0.97854E+04
  184     3.8754  12.2073  -0.23425E+01  -0.49081E+00  -0.46538E+00   0.40451E+01   0.95235E+04
  185     3.9178  12.2277  -0.23613E+01  -0.49523E+00  -0.46980E+00   0.40444E+01   0.92685E+04
  186     3.9606  12.2480  -0.23802E+01  -0.49967E+00  -0.47424E+00   0.40437E+01   0.90181E+04
  187     4.0037  12.2679  -0.23991E+01  -0.50413E+00  -0.47870E+00   0.40430E+01   0.87730E+04
  188     4.0472  12.2876  -0.24182E+01  -0.50862E+00  -0.48319E+00   0.40423E+01   0.85331E+04
  189     4.0911  12.3070  -0.24373E+01  -0.51312E+00  -0.48770E+00   0.40416E+01   0.82978E+04
  190     4.1353  12.3262  -0.24564E+01  -0.51765E+00  -0.49222E+00   0.40410E+01   0.80685E+04
  191     4.1800  12.3452  -0.24756E+01  -0.52219E+00  -0.49676E+00   0.40403E+01   0.78446E+04
  192     4.2250  12.3639  -0.24949E+01  -0.52675E+00  -0.50132E+00   0.40397E+01   0.76249E+04
  193     4.2705  12.3824  -0.25142E+01  -0.53133E+00  -0.50591E+00   0.40391E+01   0.74119E+04
  194     4.3163  12.4006  -0.25336E+01  -0.53594E+00  -0.51051E+00   0.40385E+01   0.72042E+04
  195     4.3625  12.4186  -0.25530E+01  -0.54057E+00  -0.51514E+00   0.40378E+01   0.70016E+04
  196     4.4091  12.4364  -0.25725E+01  -0.54522E+00  -0.51979E+00   0.40372E+01   0.68032E+04
  197     4.4561  12.4539  -0.25921E+01  -0.54989E+00  -0.52446E+00   0.40367E+01   0.66085E+04
  198     4.5036  12.4713  -0.26118E+01  -0.55458E+00  -0.52915E+00   0.40361E+01   0.64184E+04
  199     4.5514  12.4884  -0.26315E+01  -0.55930E+00  -0.53387E+00   0.40355E+01   0.62335E+04
  200     4.5997  12.5053  -0.26513E+01  -0.56403E+00  -0.53860E+00   0.40350E+01   0.60518E+04
  201     4.6484  12.5219  -0.26712E+01  -0.56878E+00  -0.54336E+00   0.40344E+01   0.58751E+04
  202     4.6975  12.5384  -0.26911E+01  -0.57356E+00  -0.54813E+00   0.40339E+01   0.57030E+04
  203     4.7470  12.5547  -0.27110E+01  -0.57836E+00  -0.55293E+00   0.40333E+01   0.55354E+04
  204     4.7970  12.5707  -0.27311E+01  -0.58318E+00  -0.55775E+00   0.40328E+01   0.53721E+04
  205     4.8474  12.5865  -0.27512E+01  -0.58802E+00  -0.56259E+00   0.40323E+01   0.52130E+04
  206     4.8982  12.6022  -0.27714E+01  -0.59288E+00  -0.56746E+00   0.40318E+01   0.50572E+04
  207     4.9495  12.6176  -0.27916E+01  -0.59777E+00  -0.57234E+00   0.40313E+01   0.49058E+04
  208     5.0012  12.6329  -0.28120E+01  -0.60268E+00  -0.57725E+00   0.40308E+01   0.47577E+04
  209     5.0534  12.6479  -0.28323E+01  -0.60761E+00  -0.58218E+00   0.40303E+01   0.46139E+04
  210     5.1060  12.6628  -0.28528E+01  -0.61256E+00  -0.58713E+00   0.40299E+01   0.44736E+04
  211     5.1591  12.6774  -0.28733E+01  -0.61754E+00  -0.59211E+00   0.40294E+01   0.43369E+04
  212     5.2126  12.6919  -0.28939E+01  -0.62254E+00  -0.59711E+00   0.40289E+01   0.42035E+04
  213     5.2667  12.7062  -0.29146E+01  -0.62756E+00  -0.60213E+00   0.40285E+01   0.40738E+04
  214     5.3211  12.7203  -0.29353E+01  -0.63260E+00  -0.60717E+00   0.40281E+01   0.39476E+04
  215     5.3761  12.7342  -0.29561E+01  -0.63767E+00  -0.61224E+00   0.40276E+01   0.38244E+04
  216     5.4315  12.7480  -0.29770E+01  -0.64276E+00  -0.61733E+00   0.40272E+01   0.37048E+04
  217     5.4874  12.7615  -0.29979E+01  -0.64787E+00  -0.62244E+00   0.40268E+01   0.35883E+04
  218     5.5438  12.7749  -0.30189E+01  -0.65301E+00  -0.62758E+00   0.40264E+01   0.34749E+04
  219     5.6007  12.7882  -0.30400E+01  -0.65817E+00  -0.63274E+00   0.40259E+01   0.33646E+04
  220     5.6581  12.8012  -0.30612E+01  -0.66336E+00  -0.63793E+00   0.40255E+01   0.32570E+04
  221     5.7160  12.8141  -0.30824E+01  -0.66856E+00  -0.64313E+00   0.40251E+01   0.31526E+04
  222     5.7744  12.8269  -0.31037E+01  -0.67379E+00  -0.64836E+00   0.40248E+01   0.30509E+04
  223     5.8333  12.8394  -0.31251E+01  -0.67905E+00  -0.65362E+00   0.40244E+01   0.29522E+04
  224     5.8927  12.8518  -0.31465E+01  -0.68433E+00  -0.65890E+00   0.40240E+01   0.28562E+04
  225     5.9526  12.8641  -0.31680E+01  -0.68963E+00  -0.66420E+00   0.40236E+01   0.27632E+04
  226     6.0131  12.8762  -0.31896E+01  -0.69496E+00  -0.66953E+00   0.40233E+01   0.26722E+04
  227     6.0740  12.8881  -0.32113E+01  -0.70031E+00  -0.67488E+00   0.40229E+01   0.25840E+04
  228     6.1355  12.8999  -0.32330E+01  -0.70569E+00  -0.68026E+00   0.40226E+01   0.24982E+04
  229     6.1976  12.9115  -0.32548E+01  -0.71109E+00  -0.68566E+00   0.40222E+01   0.24146E+04
  230     6.2602  12.9230  -0.32767E+01  -0.71652E+00  -0.69109E+00   0.40219E+01   0.23339E+04
  231     6.3233  12.9343  -0.32987E+01  -0.72197E+00  -0.69654E+00   0.40215E+01   0.22554E+04
  232     6.3869  12.9455  -0.33207E+01  -0.72744E+00  -0.70201E+00   0.40212E+01   0.21794E+04
  233     6.4512  12.9565  -0.33428E+01  -0.73294E+00  -0.70751E+00   0.40209E+01   0.21054E+04
  234     6.5159  12.9674  -0.33650E+01  -0.73847E+00  -0.71304E+00   0.40206E+01   0.20335E+04
  235     6.5813  12.9782  -0.33873E+01  -0.74403E+00  -0.71860E+00   0.40202E+01   0.19636E+04
  236     6.6472  12.9888  -0.34097E+01  -0.74961E+00  -0.72418E+00   0.40199E+01   0.18961E+04
  237     6.7137  12.9993  -0.34321E+01  -0.75521E+00  -0.72978E+00   0.40196E+01   0.18302E+04
  238     6.7807  13.0097  -0.34546E+01  -0.76084E+00  -0.73541E+00   0.40193E+01   0.17665E+04
  239     6.8484  13.0199  -0.34772E+01  -0.76649E+00  -0.74106E+00   0.40190E+01   0.17046E+04
  240     6.9166  13.0300  -0.34998E+01  -0.77217E+00  -0.74674E+00   0.40188E+01   0.16452E+04
  241     6.9854  13.0399  -0.35226E+01  -0.77788E+00  -0.75245E+00   0.40185E+01   0.15871E+04
  242     7.0549  13.0498  -0.35454E+01  -0.78361E+00  -0.75819E+00   0.40182E+01   0.15308E+04
  243     7.1249  13.0595  -0.35683E+01  -0.78938E+00  -0.76395E+00   0.40179E+01   0.14762E+04
  244     7.1955  13.0690  -0.35913E+01  -0.79517E+00  -0.76974E+00   0.40176E+01   0.14235E+04
  245     7.2668  13.0785  -0.36143E+01  -0.80098E+00  -0.77555E+00   0.40174E+01   0.13719E+04
  246     7.3387  13.0878  -0.36375E+01  -0.80682E+00  -0.78139E+00   0.40171E+01   0.13223E+04
  247     7.4112  13.0970  -0.36607E+01  -0.81269E+00  -0.78726E+00   0.40169E+01   0.12743E+04
  248     7.4843  13.1061  -0.36840E+01  -0.81858E+00  -0.79316E+00   0.40166E+01   0.12278E+04
  249     7.5580  13.1151  -0.37074E+01  -0.82451E+00  -0.79908E+00   0.40164E+01   0.11828E+04
  250     7.6324  13.1240  -0.37309E+01  -0.83046E+00  -0.80503E+00   0.40161E+01   0.11392E+04
  251     7.7075  13.1327  -0.37544E+01  -0.83644E+00  -0.81101E+00   0.40159E+01   0.10969E+04
  252     7.7832  13.1414  -0.37781E+01  -0.84245E+00  -0.81702E+00   0.40156E+01   0.10563E+04
  253     7.8596  13.1499  -0.38018E+01  -0.84848E+00  -0.82305E+00   0.40154E+01   0.10167E+04
  254     7.9366  13.1583  -0.38256E+01  -0.85455E+00  -0.82912E+00   0.40152E+01   0.97840E+03
  255     8.0143  13.1666  -0.38495E+01  -0.86064E+00  -0.83521E+00   0.40149E+01   0.94152E+03
  256     8.0926  13.1748  -0.38735E+01  -0.86676E+00  -0.84133E+00   0.40147E+01   0.90584E+03
  257     8.1717  13.1829  -0.38976E+01  -0.87291E+00  -0.84748E+00   0.40145E+01   0.87126E+03
  258     8.2514  13.1909  -0.39217E+01  -0.87908E+00  -0.85365E+00   0.40143E+01   0.83787E+03
  259     8.3319  13.1988  -0.39460E+01  -0.88529E+00  -0.85986E+00   0.40141E+01   0.80567E+03
  260     8.4130  13.2066  -0.39703E+01  -0.89153E+00  -0.86610E+00   0.40139E+01   0.77442E+03
  261     8.4948  13.2143  -0.39947E+01  -0.89780E+00  -0.87237E+00   0.40137E+01   0.74437E+03
  262     8.5774  13.2219  -0.40192E+01  -0.90409E+00  -0.87866E+00   0.40134E+01   0.71530E+03
  263     8.6606  13.2293  -0.40438E+01  -0.91042E+00  -0.88499E+00   0.40132E+01   0.68711E+03
  264     8.7446  13.2367  -0.40685E+01  -0.91677E+00  -0.89134E+00   0.40131E+01   0.66014E+03
  265     8.8293  13.2440  -0.40933E+01  -0.92315E+00  -0.89772E+00   0.40129E+01   0.63394E+03
  266     8.9148  13.2512  -0.41182E+01  -0.92957E+00  -0.90414E+00   0.40127E+01   0.60876E+03
  267     9.0010  13.2584  -0.41431E+01  -0.93602E+00  -0.91059E+00   0.40125E+01   0.58434E+03
  268     9.0879  13.2654  -0.41682E+01  -0.94249E+00  -0.91707E+00   0.40123E+01   0.56078E+03
  269     9.1756  13.2723  -0.41933E+01  -0.94900E+00  -0.92357E+00   0.40121E+01   0.53811E+03
  270     9.2641  13.2792  -0.42186E+01  -0.95554E+00  -0.93011E+00   0.40119E+01   0.51627E+03
  271     9.3534  13.2859  -0.42439E+01  -0.96210E+00  -0.93668E+00   0.40118E+01   0.49525E+03
  272     9.4434  13.2926  -0.42693E+01  -0.96871E+00  -0.94328E+00   0.40116E+01   0.47496E+03
  273     9.5342  13.2992  -0.42949E+01  -0.97534E+00  -0.94991E+00   0.40114E+01   0.45535E+03
  274     9.6257  13.3056  -0.43205E+01  -0.98201E+00  -0.95658E+00   0.40113E+01   0.43644E+03
  275     9.7181  13.3121  -0.43462E+01  -0.98870E+00  -0.96327E+00   0.40111E+01   0.41821E+03
  276     9.8113  13.3184  -0.43720E+01  -0.99543E+00  -0.97000E+00   0.40109E+01   0.40077E+03
  277     9.9053  13.3246  -0.43979E+01  -0.10022E+01  -0.97676E+00   0.40108E+01   0.38393E+03
  278    10.0001  13.3308  -0.44239E+01  -0.10090E+01  -0.98354E+00   0.40106E+01   0.36774E+03
  279    10.0957  13.3369  -0.44500E+01  -0.10158E+01  -0.99037E+00   0.40105E+01   0.35217E+03
  280    10.1922  13.3429  -0.44762E+01  -0.10227E+01  -0.99723E+00   0.40103E+01   0.33712E+03
  281    10.2895  13.3488  -0.45025E+01  -0.10296E+01  -0.10041E+01   0.40102E+01   0.32265E+03
  282    10.3877  13.3547  -0.45289E+01  -0.10365E+01  -0.10110E+01   0.40100E+01   0.30869E+03
  283    10.4867  13.3605  -0.45554E+01  -0.10434E+01  -0.10180E+01   0.40099E+01   0.29531E+03
  284    10.5865  13.3662  -0.45820E+01  -0.10504E+01  -0.10250E+01   0.40097E+01   0.28252E+03
  285    10.6873  13.3718  -0.46087E+01  -0.10574E+01  -0.10320E+01   0.40096E+01   0.27015E+03
  286    10.7889  13.3774  -0.46355E+01  -0.10645E+01  -0.10391E+01   0.40095E+01   0.25830E+03
  287    10.8914  13.3829  -0.46624E+01  -0.10716E+01  -0.10462E+01   0.40093E+01   0.24690E+03
  288    10.9947  13.3883  -0.46895E+01  -0.10787E+01  -0.10533E+01   0.40092E+01   0.23595E+03
  289    11.0990  13.3936  -0.47166E+01  -0.10859E+01  -0.10605E+01   0.40091E+01   0.22544E+03
  290    11.2042  13.3989  -0.47438E+01  -0.10931E+01  -0.10677E+01   0.40089E+01   0.21529E+03
  291    11.3103  13.4041  -0.47711E+01  -0.11003E+01  -0.10749E+01   0.40088E+01   0.20557E+03
  292    11.4173  13.4093  -0.47986E+01  -0.11076E+01  -0.10821E+01   0.40087E+01   0.19630E+03
  293    11.5253  13.4143  -0.48261E+01  -0.11149E+01  -0.10894E+01   0.40086E+01   0.18737E+03
  294    11.6342  13.4193  -0.48537E+01  -0.11222E+01  -0.10968E+01   0.40084E+01   0.17880E+03
  295    11.7440  13.4243  -0.48815E+01  -0.11296E+01  -0.11042E+01   0.40083E+01   0.17058E+03
  296    11.8548  13.4292  -0.49093E+01  -0.11370E+01  -0.11116E+01   0.40082E+01   0.16272E+03
  297    11.9666  13.4340  -0.49373E+01  -0.11444E+01  -0.11190E+01   0.40081E+01   0.15514E+03
  298    12.0793  13.4388  -0.49654E+01  -0.11519E+01  -0.11265E+01   0.40080E+01   0.14792E+03
  299    12.1930  13.4435  -0.49936E+01  -0.11594E+01  -0.11340E+01   0.40079E+01   0.14099E+03
  300    12.3077  13.4481  -0.50219E+01  -0.11670E+01  -0.11416E+01   0.40077E+01   0.13434E+03
  301    12.4234  13.4527  -0.50503E+01  -0.11746E+01  -0.11492E+01   0.40076E+01   0.12797E+03
  302    12.5401  13.4572  -0.50788E+01  -0.11822E+01  -0.11568E+01   0.40075E+01   0.12187E+03
  303    12.6578  13.4616  -0.51074E+01  -0.11899E+01  -0.11645E+01   0.40074E+01   0.11603E+03
  304    12.7766  13.4660  -0.51362E+01  -0.11976E+01  -0.11722E+01   0.40073E+01   0.11047E+03
  305    12.8963  13.4704  -0.51650E+01  -0.12053E+01  -0.11799E+01   0.40072E+01   0.10513E+03
  306    13.0172  13.4747  -0.51940E+01  -0.12131E+01  -0.11877E+01   0.40071E+01   0.10004E+03
  307    13.1390  13.4789  -0.52231E+01  -0.12209E+01  -0.11955E+01   0.40070E+01   0.95146E+02
  308    13.2619  13.4831  -0.52523E+01  -0.12288E+01  -0.12034E+01   0.40069E+01   0.90478E+02
  309    13.3859  13.4872  -0.52817E+01  -0.12367E+01  -0.12113E+01   0.40068E+01   0.86013E+02
  310    13.5110  13.4913  -0.53111E+01  -0.12446E+01  -0.12192E+01   0.40067E+01   0.81750E+02
  311    13.6372  13.4953  -0.53406E+01  -0.12526E+01  -0.12272E+01   0.40066E+01   0.77682E+02
  312    13.7644  13.4993  -0.53703E+01  -0.12606E+01  -0.12352E+01   0.40066E+01   0.73819E+02
  313    13.8928  13.5032  -0.54001E+01  -0.12687E+01  -0.12432E+01   0.40065E+01   0.70128E+02
  314    14.0223  13.5071  -0.54300E+01  -0.12768E+01  -0.12513E+01   0.40064E+01   0.66573E+02
  315    14.1529  13.5109  -0.54601E+01  -0.12849E+01  -0.12595E+01   0.40063E+01   0.63166E+02
  316    14.2846  13.5146  -0.54899E+01  -0.12930E+01  -0.12675E+01   0.40062E+01   0.59980E+02
  317    14.4175  13.5184  -0.55205E+01  -0.13013E+01  -0.12759E+01   0.40061E+01   0.56863E+02
  318    14.5515  13.5220  -0.55509E+01  -0.13095E+01  -0.12841E+01   0.40060E+01   0.54055E+02
  319    14.6867  13.5257  -0.55815E+01  -0.13179E+01  -0.12924E+01   0.40060E+01   0.51136E+02
  320    14.8231  13.5292  -0.56121E+01  -0.13262E+01  -0.13008E+01   0.40059E+01   0.48465E+02
  321    14.9607  13.5328  -0.56429E+01  -0.13346E+01  -0.13091E+01   0.40058E+01   0.45919E+02
  322    15.0994  13.5363  -0.56738E+01  -0.13430E+01  -0.13176E+01   0.40057E+01   0.43497E+02
  323    15.2394  13.5397  -0.57048E+01  -0.13515E+01  -0.13260E+01   0.40056E+01   0.41199E+02
  324    15.3806  13.5431  -0.57360E+01  -0.13600E+01  -0.13345E+01   0.40056E+01   0.39000E+02
  325    15.5230  13.5464  -0.57673E+01  -0.13685E+01  -0.13431E+01   0.40055E+01   0.36920E+02
  326    15.6666  13.5498  -0.57987E+01  -0.13771E+01  -0.13517E+01   0.40054E+01   0.34931E+02
  327    15.8115  13.5530  -0.58302E+01  -0.13857E+01  -0.13603E+01   0.40053E+01   0.33054E+02
  328    15.9577  13.5562  -0.58619E+01  -0.13944E+01  -0.13690E+01   0.40053E+01   0.31264E+02
  329    16.1051  13.5594  -0.58938E+01  -0.14032E+01  -0.13777E+01   0.40052E+01   0.29553E+02
  330    16.2538  13.5626  -0.59257E+01  -0.14119E+01  -0.13865E+01   0.40051E+01   0.27939E+02
  331    16.4038  13.5657  -0.59578E+01  -0.14207E+01  -0.13953E+01   0.40051E+01   0.26395E+02
  332    16.5551  13.5687  -0.59900E+01  -0.14296E+01  -0.14042E+01   0.40050E+01   0.24925E+02
  333    16.7078  13.5717  -0.60223E+01  -0.14385E+01  -0.14131E+01   0.40049E+01   0.23534E+02
  334    16.8617  13.5747  -0.60548E+01  -0.14475E+01  -0.14220E+01   0.40049E+01   0.22219E+02
  335    17.0170  13.5777  -0.60874E+01  -0.14564E+01  -0.14310E+01   0.40048E+01   0.20966E+02
  336    17.1736  13.5806  -0.61202E+01  -0.14655E+01  -0.14401E+01   0.40047E+01   0.19791E+02
  337    17.3316  13.5835  -0.61531E+01  -0.14746E+01  -0.14492E+01   0.40047E+01   0.18652E+02
  338    17.4910  13.5863  -0.61861E+01  -0.14837E+01  -0.14583E+01   0.40046E+01   0.17589E+02
  339    17.6518  13.5891  -0.62193E+01  -0.14929E+01  -0.14675E+01   0.40046E+01   0.16579E+02
  340    17.8139  13.5918  -0.62526E+01  -0.15021E+01  -0.14767E+01   0.40045E+01   0.15616E+02
  341    17.9775  13.5946  -0.62860E+01  -0.15114E+01  -0.14860E+01   0.40044E+01   0.14715E+02
  342    18.1425  13.5972  -0.63196E+01  -0.15207E+01  -0.14953E+01   0.40044E+01   0.13857E+02
  343    18.3089  13.5999  -0.63534E+01  -0.15301E+01  -0.15046E+01   0.40043E+01   0.13043E+02
  344    18.4768  13.6025  -0.63873E+01  -0.15395E+01  -0.15141E+01   0.40043E+01   0.12273E+02
  345    18.6461  13.6051  -0.64213E+01  -0.15489E+01  -0.15235E+01   0.40042E+01   0.11547E+02
  346    18.8169  13.6077  -0.64554E+01  -0.15585E+01  -0.15330E+01   0.40042E+01   0.10860E+02
  347    18.9892  13.6102  -0.64898E+01  -0.15680E+01  -0.15426E+01   0.40041E+01   0.10207E+02
  348    19.1630  13.6127  -0.65242E+01  -0.15776E+01  -0.15522E+01   0.40041E+01   0.95913E+01
  349    19.3383  13.6151  -0.65588E+01  -0.15873E+01  -0.15619E+01   0.40040E+01   0.90151E+01
  350    19.5151  13.6175  -0.65936E+01  -0.15970E+01  -0.15716E+01   0.40040E+01   0.84637E+01
  351    19.6934  13.6199  -0.66285E+01  -0.16067E+01  -0.15813E+01   0.40039E+01   0.79478E+01
  352    19.8734  13.6223  -0.66636E+01  -0.16166E+01  -0.15911E+01   0.40039E+01   0.74577E+01
  353    20.0548  13.6246  -0.66988E+01  -0.16264E+01  -0.16010E+01   0.40038E+01   0.69976E+01
  354    20.2379  13.6269  -0.67341E+01  -0.16363E+01  -0.16109E+01   0.40038E+01   0.65627E+01
  355    20.4225  13.6292  -0.67697E+01  -0.16463E+01  -0.16209E+01   0.40037E+01   0.61539E+01
  356    20.6088  13.6314  -0.68053E+01  -0.16563E+01  -0.16309E+01   0.40037E+01   0.57670E+01
  357    20.7966  13.6337  -0.68411E+01  -0.16664E+01  -0.16409E+01   0.40036E+01   0.54034E+01
  358    20.9861  13.6358  -0.68772E+01  -0.16765E+01  -0.16511E+01   0.40036E+01   0.50604E+01
  359    21.1773  13.6380  -0.69133E+01  -0.16866E+01  -0.16612E+01   0.40035E+01   0.47383E+01
  360    21.3701  13.6401  -0.69496E+01  -0.16969E+01  -0.16714E+01   0.40035E+01   0.44347E+01
  361    21.5646  13.6422  -0.69860E+01  -0.17071E+01  -0.16817E+01   0.40035E+01   0.41479E+01
  362    21.7607  13.6443  -0.70227E+01  -0.17175E+01  -0.16920E+01   0.40034E+01   0.38806E+01
  363    21.9586  13.6463  -0.70594E+01  -0.17278E+01  -0.17024E+01   0.40034E+01   0.36267E+01
  364    22.1582  13.6484  -0.70964E+01  -0.17383E+01  -0.17129E+01   0.40033E+01   0.33892E+01
  365    22.3596  13.6504  -0.71334E+01  -0.17488E+01  -0.17233E+01   0.40033E+01   0.31670E+01
  366    22.5626  13.6523  -0.71707E+01  -0.17593E+01  -0.17339E+01   0.40000E+01   0.29570E+01
  367    22.7675  13.6543  -0.72082E+01  -0.17699E+01  -0.17445E+01   0.40000E+01   0.27612E+01
  368    22.9741  13.6562  -0.72458E+01  -0.17806E+01  -0.17552E+01   0.40000E+01   0.25769E+01
  369    23.1825  13.6581  -0.72835E+01  -0.17913E+01  -0.17659E+01   0.40000E+01   0.24047E+01
  370    23.3928  13.6600  -0.73213E+01  -0.18020E+01  -0.17766E+01   0.40000E+01   0.22420E+01
  371    23.6049  13.6618  -0.73595E+01  -0.18129E+01  -0.17875E+01   0.40000E+01   0.20894E+01
  372    23.8188  13.6636  -0.73978E+01  -0.18238E+01  -0.17983E+01   0.40000E+01   0.19469E+01
  373    24.0345  13.6654  -0.74363E+01  -0.18347E+01  -0.18093E+01   0.40000E+01   0.18124E+01
  374    24.2522  13.6672  -0.74749E+01  -0.18457E+01  -0.18203E+01   0.40000E+01   0.16871E+01
  375    24.4717  13.6689  -0.75136E+01  -0.18567E+01  -0.18313E+01   0.40000E+01   0.15695E+01
  376    24.6932  13.6707  -0.75526E+01  -0.18678E+01  -0.18424E+01   0.40000E+01   0.14606E+01
  377    24.9166  13.6724  -0.75917E+01  -0.18790E+01  -0.18536E+01   0.40000E+01   0.13582E+01
  378    25.1419  13.6741  -0.76310E+01  -0.18902E+01  -0.18648E+01   0.40000E+01   0.12634E+01
  379    25.3691  13.6757  -0.76705E+01  -0.19015E+01  -0.18761E+01   0.40000E+01   0.11729E+01
  380    25.5984  13.6774  -0.77101E+01  -0.19128E+01  -0.18874E+01   0.40000E+01   0.10898E+01
  381    25.8296  13.6790  -0.77500E+01  -0.19242E+01  -0.18988E+01   0.40000E+01   0.10118E+01
  382    26.0629  13.6806  -0.77900E+01  -0.19357E+01  -0.19103E+01   0.40000E+01   0.93928E+00
  383    26.2982  13.6822  -0.78302E+01  -0.19472E+01  -0.19218E+01   0.40000E+01   0.87088E+00
  384    26.5355  13.6837  -0.78706E+01  -0.19588E+01  -0.19334E+01   0.40000E+01   0.80783E+00
  385    26.7749  13.6853  -0.79111E+01  -0.19704E+01  -0.19450E+01   0.40000E+01   0.74882E+00
  386    27.0164  13.6868  -0.79519E+01  -0.19821E+01  -0.19567E+01   0.40000E+01   0.69380E+00
  387    27.2599  13.6883  -0.79928E+01  -0.19939E+01  -0.19685E+01   0.40000E+01   0.64244E+00
  388    27.5056  13.6898  -0.80339E+01  -0.20057E+01  -0.19803E+01   0.40000E+01   0.59461E+00
  389    27.7534  13.6912  -0.80752E+01  -0.20176E+01  -0.19922E+01   0.40000E+01   0.55026E+00
  390    28.0034  13.6927  -0.81166E+01  -0.20295E+01  -0.20041E+01   0.40000E+01   0.50924E+00
  391    28.2556  13.6941  -0.81583E+01  -0.20415E+01  -0.20161E+01   0.40000E+01   0.47079E+00
  392    28.5099  13.6955  -0.82002E+01  -0.20536E+01  -0.20282E+01   0.40000E+01   0.43499E+00
  393    28.7665  13.6969  -0.82422E+01  -0.20657E+01  -0.20403E+01   0.40000E+01   0.40187E+00
  394    29.0253  13.6982  -0.82844E+01  -0.20779E+01  -0.20525E+01   0.40000E+01   0.37110E+00
  395    29.2863  13.6996  -0.83268E+01  -0.20902E+01  -0.20648E+01   0.40000E+01   0.34246E+00
  396    29.5496  13.7009  -0.83695E+01  -0.21025E+01  -0.20771E+01   0.40000E+01   0.31584E+00
  397    29.8152  13.7022  -0.84123E+01  -0.21149E+01  -0.20895E+01   0.40000E+01   0.29134E+00
  398    30.0831  13.7035  -0.84552E+01  -0.21274E+01  -0.21019E+01   0.40000E+01   0.26859E+00
  399    30.3534  13.7048  -0.84985E+01  -0.21399E+01  -0.21145E+01   0.40000E+01   0.24732E+00
  400    30.6259  13.7061  -0.85418E+01  -0.21525E+01  -0.21270E+01   0.40000E+01   0.22777E+00
