    1     0.0001   0.0015  -0.15259E-04   0.88012E-06   0.77444E-01   0.96313E+01   0.80629E+02
    2     0.0088   0.1269  -0.17375E-02  -0.18069E-04   0.77425E-01   0.95729E+01   0.98877E+02
    3     0.0176   0.2519  -0.36330E-02  -0.74170E-04   0.77369E-01   0.95158E+01   0.10471E+03
    4     0.0264   0.3763  -0.56098E-02  -0.14356E-03   0.77300E-01   0.94593E+01   0.10864E+03
    5     0.0353   0.5002  -0.76734E-02  -0.22788E-03   0.77216E-01   0.94034E+01   0.11228E+03
    6     0.0443   0.6235  -0.97951E-02  -0.31914E-03   0.77124E-01   0.93479E+01   0.11547E+03
    7     0.0534   0.7463  -0.11972E-01  -0.41715E-03   0.77026E-01   0.92927E+01   0.11839E+03
    8     0.0626   0.8685  -0.14199E-01  -0.52101E-03   0.76922E-01   0.92380E+01   0.12115E+03
    9     0.0718   0.9902  -0.16476E-01  -0.63008E-03   0.76813E-01   0.91835E+01   0.12382E+03
   10     0.0811   1.1112  -0.18799E-01  -0.74403E-03   0.76699E-01   0.91293E+01   0.12635E+03
   11     0.0905   1.2318  -0.21169E-01  -0.86260E-03   0.76581E-01   0.90754E+01   0.12886E+03
   12     0.1000   1.3517  -0.23584E-01  -0.98546E-03   0.76458E-01   0.90218E+01   0.13134E+03
   13     0.1096   1.4710  -0.26046E-01  -0.11134E-02   0.76330E-01   0.89685E+01   0.13376E+03
   14     0.1192   1.5898  -0.28563E-01  -0.12485E-02   0.76195E-01   0.89156E+01   0.13620E+03
   15     0.1290   1.7079  -0.31116E-01  -0.13861E-02   0.76057E-01   0.88629E+01   0.13857E+03
   16     0.1388   1.8254  -0.33717E-01  -0.15292E-02   0.75914E-01   0.88105E+01   0.14097E+03
   17     0.1487   1.9423  -0.36364E-01  -0.16774E-02   0.75766E-01   0.87584E+01   0.14328E+03
   18     0.1587   2.0586  -0.39057E-01  -0.18306E-02   0.75613E-01   0.87066E+01   0.14564E+03
   19     0.1687   2.1743  -0.41796E-01  -0.19889E-02   0.75455E-01   0.86550E+01   0.14799E+03
   20     0.1789   2.2893  -0.44580E-01  -0.21524E-02   0.75291E-01   0.86037E+01   0.15031E+03
   21     0.1891   2.4037  -0.47409E-01  -0.23212E-02   0.75122E-01   0.85528E+01   0.15263E+03
   22     0.1995   2.5174  -0.50284E-01  -0.24954E-02   0.74948E-01   0.85021E+01   0.15495E+03
   23     0.2099   2.6305  -0.53204E-01  -0.26746E-02   0.74769E-01   0.84516E+01   0.15728E+03
   24     0.2204   2.7429  -0.56156E-01  -0.28555E-02   0.74588E-01   0.84014E+01   0.15757E+03
   25     0.2310   2.8547  -0.59168E-01  -0.30464E-02   0.74397E-01   0.83515E+01   0.16195E+03
   26     0.2417   2.9657  -0.62226E-01  -0.32427E-02   0.74201E-01   0.83019E+01   0.16426E+03
   27     0.2525   3.0761  -0.65330E-01  -0.34443E-02   0.73999E-01   0.82527E+01   0.16659E+03
   28     0.2634   3.1859  -0.68480E-01  -0.36519E-02   0.73792E-01   0.82037E+01   0.16892E+03
   29     0.2744   3.2949  -0.71676E-01  -0.38655E-02   0.73578E-01   0.81550E+01   0.17124E+03
   30     0.2855   3.4033  -0.74919E-01  -0.40854E-02   0.73358E-01   0.81065E+01   0.17357E+03
   31     0.2967   3.5110  -0.78208E-01  -0.43113E-02   0.73132E-01   0.80584E+01   0.17591E+03
   32     0.3079   3.6179  -0.81544E-01  -0.45436E-02   0.72900E-01   0.80105E+01   0.17824E+03
   33     0.3193   3.7242  -0.84928E-01  -0.47824E-02   0.72661E-01   0.79629E+01   0.18060E+03
   34     0.3308   3.8297  -0.88360E-01  -0.50282E-02   0.72415E-01   0.79156E+01   0.18293E+03
   35     0.3423   3.9346  -0.91839E-01  -0.52807E-02   0.72163E-01   0.78686E+01   0.18529E+03
   36     0.3540   4.0387  -0.95366E-01  -0.55398E-02   0.71904E-01   0.78219E+01   0.18762E+03
   37     0.3658   4.1421  -0.98941E-01  -0.58057E-02   0.71638E-01   0.77755E+01   0.18998E+03
   38     0.3777   4.2448  -0.10256E+00  -0.60789E-02   0.71365E-01   0.77293E+01   0.19232E+03
   39     0.3896   4.3467  -0.10623E+00  -0.63591E-02   0.71084E-01   0.76835E+01   0.19466E+03
   40     0.4017   4.4480  -0.10995E+00  -0.66464E-02   0.70797E-01   0.76379E+01   0.19700E+03
   41     0.4139   4.5485  -0.11372E+00  -0.69419E-02   0.70502E-01   0.75927E+01   0.19936E+03
   42     0.4262   4.6482  -0.11754E+00  -0.72445E-02   0.70199E-01   0.75477E+01   0.20170E+03
   43     0.4386   4.7472  -0.12141E+00  -0.75544E-02   0.69889E-01   0.75030E+01   0.20403E+03
   44     0.4511   4.8455  -0.12532E+00  -0.78714E-02   0.69572E-01   0.74587E+01   0.20638E+03
   45     0.4637   4.9431  -0.12929E+00  -0.81968E-02   0.69247E-01   0.74146E+01   0.20873E+03
   46     0.4764   5.0398  -0.13330E+00  -0.85301E-02   0.68913E-01   0.73707E+01   0.21106E+03
   47     0.4893   5.1359  -0.13737E+00  -0.88712E-02   0.68572E-01   0.73273E+01   0.21341E+03
   48     0.5022   5.2312  -0.14148E+00  -0.92208E-02   0.68223E-01   0.72841E+01   0.21572E+03
   49     0.5153   5.3257  -0.14565E+00  -0.95787E-02   0.67865E-01   0.72412E+01   0.21806E+03
   50     0.5285   5.4195  -0.14987E+00  -0.99451E-02   0.67498E-01   0.71986E+01   0.22036E+03
   51     0.5417   5.5125  -0.15413E+00  -0.10320E-01   0.67124E-01   0.71563E+01   0.22269E+03
   52     0.5552   5.6048  -0.15845E+00  -0.10703E-01   0.66740E-01   0.71143E+01   0.22499E+03
   53     0.5687   5.6963  -0.16283E+00  -0.11096E-01   0.66348E-01   0.70726E+01   0.22731E+03
   54     0.5823   5.7871  -0.16725E+00  -0.11497E-01   0.65946E-01   0.70313E+01   0.22962E+03
   55     0.5961   5.8771  -0.17173E+00  -0.11908E-01   0.65535E-01   0.69902E+01   0.23189E+03
   56     0.6099   5.9663  -0.17626E+00  -0.12329E-01   0.65115E-01   0.69494E+01   0.23417E+03
   57     0.6239   6.0548  -0.18084E+00  -0.12757E-01   0.64686E-01   0.69090E+01   0.23643E+03
   58     0.6381   6.1425  -0.18547E+00  -0.13196E-01   0.64248E-01   0.68688E+01   0.23870E+03
   59     0.6523   6.2295  -0.19016E+00  -0.13644E-01   0.63800E-01   0.68289E+01   0.24096E+03
   60     0.6667   6.3157  -0.19490E+00  -0.14101E-01   0.63342E-01   0.67894E+01   0.24321E+03
   61     0.6812   6.4011  -0.19969E+00  -0.14568E-01   0.62875E-01   0.67502E+01   0.24542E+03
   62     0.6958   6.4858  -0.20454E+00  -0.15046E-01   0.62398E-01   0.67113E+01   0.24764E+03
   63     0.7105   6.5697  -0.20944E+00  -0.15533E-01   0.61911E-01   0.66727E+01   0.24985E+03
   64     0.7254   6.6529  -0.21440E+00  -0.16029E-01   0.61414E-01   0.66344E+01   0.25202E+03
   65     0.7404   6.7353  -0.21941E+00  -0.16537E-01   0.60907E-01   0.65964E+01   0.25421E+03
   66     0.7555   6.8170  -0.22447E+00  -0.17054E-01   0.60390E-01   0.65587E+01   0.25635E+03
   67     0.7708   6.8979  -0.22959E+00  -0.17581E-01   0.59862E-01   0.65213E+01   0.25848E+03
   68     0.7862   6.9781  -0.23477E+00  -0.18120E-01   0.59324E-01   0.64843E+01   0.26059E+03
   69     0.8017   7.0575  -0.23999E+00  -0.18668E-01   0.58775E-01   0.64475E+01   0.26268E+03
   70     0.8174   7.1361  -0.24528E+00  -0.19227E-01   0.58217E-01   0.64111E+01   0.26477E+03
   71     0.8332   7.2140  -0.25062E+00  -0.19797E-01   0.57647E-01   0.63749E+01   0.26682E+03
   72     0.8491   7.2912  -0.25601E+00  -0.20377E-01   0.57066E-01   0.63391E+01   0.26885E+03
   73     0.8652   7.3676  -0.26146E+00  -0.20968E-01   0.56475E-01   0.63036E+01   0.27086E+03
   74     0.8814   7.4433  -0.26696E+00  -0.21570E-01   0.55873E-01   0.62684E+01   0.27284E+03
   75     0.8977   7.5182  -0.27252E+00  -0.22183E-01   0.55260E-01   0.62336E+01   0.27481E+03
   76     0.9142   7.5924  -0.27814E+00  -0.22807E-01   0.54636E-01   0.61990E+01   0.27676E+03
   77     0.9309   7.6659  -0.28381E+00  -0.23442E-01   0.54001E-01   0.61647E+01   0.27868E+03
   78     0.9477   7.7386  -0.28954E+00  -0.24088E-01   0.53355E-01   0.61308E+01   0.28057E+03
   79     0.9646   7.8107  -0.29532E+00  -0.24746E-01   0.52697E-01   0.60971E+01   0.28243E+03
   80     0.9817   7.8820  -0.30116E+00  -0.25415E-01   0.52029E-01   0.60638E+01   0.28426E+03
   81     0.9989   7.9525  -0.30706E+00  -0.26096E-01   0.51348E-01   0.60308E+01   0.28607E+03
   82     1.0163   8.0224  -0.31302E+00  -0.26788E-01   0.50655E-01   0.59981E+01   0.28785E+03
   83     1.0338   8.0915  -0.31903E+00  -0.27492E-01   0.49951E-01   0.59657E+01   0.28960E+03
   84     1.0515   8.1600  -0.32510E+00  -0.28209E-01   0.49234E-01   0.59336E+01   0.29132E+03
   85     1.0693   8.2277  -0.33122E+00  -0.28937E-01   0.48506E-01   0.59018E+01   0.29298E+03
   86     1.0873   8.2947  -0.33741E+00  -0.29678E-01   0.47765E-01   0.58704E+01   0.29463E+03
   87     1.1055   8.3610  -0.34366E+00  -0.30431E-01   0.47012E-01   0.58392E+01   0.29625E+03
   88     1.1238   8.4267  -0.34996E+00  -0.31196E-01   0.46247E-01   0.58084E+01   0.29783E+03
   89     1.1423   8.4916  -0.35632E+00  -0.31974E-01   0.45469E-01   0.57779E+01   0.29938E+03
   90     1.1609   8.5559  -0.36274E+00  -0.32764E-01   0.44679E-01   0.57477E+01   0.30089E+03
   91     1.1797   8.6194  -0.36921E+00  -0.33567E-01   0.43876E-01   0.57178E+01   0.30237E+03
   92     1.1986   8.6823  -0.37575E+00  -0.34382E-01   0.43061E-01   0.56882E+01   0.30380E+03
   93     1.2177   8.7445  -0.38235E+00  -0.35210E-01   0.42233E-01   0.56590E+01   0.30520E+03
   94     1.2370   8.8061  -0.38900E+00  -0.36051E-01   0.41392E-01   0.56300E+01   0.30657E+03
   95     1.2565   8.8669  -0.39571E+00  -0.36904E-01   0.40539E-01   0.56013E+01   0.30789E+03
   96     1.2761   8.9272  -0.40248E+00  -0.37770E-01   0.39674E-01   0.55730E+01   0.30918E+03
   97     1.2959   8.9867  -0.40930E+00  -0.38648E-01   0.38795E-01   0.55450E+01   0.31041E+03
   98     1.3158   9.0456  -0.41619E+00  -0.39541E-01   0.37902E-01   0.55173E+01   0.31162E+03
   99     1.3360   9.1039  -0.42314E+00  -0.40447E-01   0.36997E-01   0.54899E+01   0.31278E+03
  100     1.3563   9.1615  -0.43015E+00  -0.41365E-01   0.36078E-01   0.54628E+01   0.31390E+03
  101     1.3767   9.2185  -0.43722E+00  -0.42297E-01   0.35146E-01   0.54360E+01   0.31497E+03
  102     1.3974   9.2748  -0.44434E+00  -0.43242E-01   0.34201E-01   0.54095E+01   0.31600E+03
  103     1.4183   9.3305  -0.45153E+00  -0.44201E-01   0.33242E-01   0.53834E+01   0.31698E+03
  104     1.4393   9.3856  -0.45878E+00  -0.45174E-01   0.32269E-01   0.53575E+01   0.31791E+03
  105     1.4605   9.4401  -0.46609E+00  -0.46161E-01   0.31282E-01   0.53320E+01   0.31882E+03
  106     1.4819   9.4940  -0.47346E+00  -0.47162E-01   0.30282E-01   0.53068E+01   0.31967E+03
  107     1.5035   9.5472  -0.48089E+00  -0.48177E-01   0.29267E-01   0.52819E+01   0.32046E+03
  108     1.5252   9.5999  -0.48838E+00  -0.49206E-01   0.28238E-01   0.52573E+01   0.32122E+03
  109     1.5472   9.6519  -0.49594E+00  -0.50249E-01   0.27195E-01   0.52330E+01   0.32194E+03
  110     1.5693   9.7034  -0.50355E+00  -0.51306E-01   0.26137E-01   0.52091E+01   0.32260E+03
  111     1.5917   9.7542  -0.51123E+00  -0.52378E-01   0.25065E-01   0.51854E+01   0.32320E+03
  112     1.6142   9.8045  -0.51897E+00  -0.53464E-01   0.23979E-01   0.51620E+01   0.32377E+03
  113     1.6369   9.8542  -0.52677E+00  -0.54565E-01   0.22879E-01   0.51390E+01   0.32428E+03
  114     1.6598   9.9033  -0.53463E+00  -0.55680E-01   0.21764E-01   0.51162E+01   0.32474E+03
  115     1.6830   9.9519  -0.54255E+00  -0.56809E-01   0.20634E-01   0.50938E+01   0.32516E+03
  116     1.7063   9.9999  -0.55053E+00  -0.57953E-01   0.19490E-01   0.50716E+01   0.32553E+03
  117     1.7298  10.0473  -0.55858E+00  -0.59112E-01   0.18331E-01   0.50498E+01   0.32583E+03
  118     1.7536  10.0942  -0.56669E+00  -0.60287E-01   0.17157E-01   0.50283E+01   0.32609E+03
  119     1.7775  10.1405  -0.57486E+00  -0.61476E-01   0.15968E-01   0.50071E+01   0.32630E+03
  120     1.8016  10.1863  -0.58309E+00  -0.62680E-01   0.14764E-01   0.49862E+01   0.32646E+03
  121     1.8260  10.2316  -0.59139E+00  -0.63899E-01   0.13544E-01   0.49656E+01   0.32659E+03
  122     1.8506  10.2763  -0.59975E+00  -0.65134E-01   0.12309E-01   0.49453E+01   0.32664E+03
  123     1.8753  10.3205  -0.60817E+00  -0.66384E-01   0.11059E-01   0.49253E+01   0.32666E+03
  124     1.9003  10.3642  -0.61666E+00  -0.67650E-01   0.97929E-02   0.49056E+01   0.32661E+03
  125     1.9256  10.4073  -0.62521E+00  -0.68931E-01   0.85122E-02   0.48862E+01   0.32652E+03
  126     1.9510  10.4499  -0.63382E+00  -0.70229E-01   0.72148E-02   0.48671E+01   0.32639E+03
  127     1.9766  10.4921  -0.64250E+00  -0.71542E-01   0.59015E-02   0.48484E+01   0.32619E+03
  128     2.0025  10.5337  -0.65124E+00  -0.72871E-01   0.45723E-02   0.48299E+01   0.32594E+03
  129     2.0286  10.5748  -0.66005E+00  -0.74217E-01   0.32268E-02   0.48117E+01   0.32563E+03
  130     2.0550  10.6155  -0.66892E+00  -0.75578E-01   0.18654E-02   0.47938E+01   0.32529E+03
  131     2.0815  10.6556  -0.67785E+00  -0.76956E-01   0.48766E-03   0.47762E+01   0.32487E+03
  132     2.1083  10.6953  -0.68685E+00  -0.78350E-01  -0.90688E-03   0.47589E+01   0.32441E+03
  133     2.1353  10.7345  -0.69592E+00  -0.79761E-01  -0.23174E-02   0.47419E+01   0.32389E+03
  134     2.1626  10.7732  -0.70505E+00  -0.81188E-01  -0.37444E-02   0.47252E+01   0.32332E+03
  135     2.1901  10.8115  -0.71425E+00  -0.82632E-01  -0.51885E-02   0.47087E+01   0.32271E+03
  136     2.2178  10.8492  -0.72351E+00  -0.84093E-01  -0.66492E-02   0.46926E+01   0.32202E+03
  137     2.2458  10.8866  -0.73283E+00  -0.85570E-01  -0.81264E-02   0.46767E+01   0.32131E+03
  138     2.2740  10.9235  -0.74222E+00  -0.87064E-01  -0.96209E-02   0.46611E+01   0.32053E+03
  139     2.3025  10.9599  -0.75168E+00  -0.88576E-01  -0.11132E-01   0.46458E+01   0.31971E+03
  140     2.3312  10.9959  -0.76120E+00  -0.90103E-01  -0.12659E-01   0.46308E+01   0.31886E+03
  141     2.3602  11.0314  -0.77078E+00  -0.91648E-01  -0.14204E-01   0.46161E+01   0.31794E+03
  142     2.3894  11.0665  -0.78044E+00  -0.93210E-01  -0.15767E-01   0.46016E+01   0.31697E+03
  143     2.4188  11.1012  -0.79015E+00  -0.94790E-01  -0.17347E-01   0.45874E+01   0.31597E+03
  144     2.4486  11.1355  -0.79994E+00  -0.96388E-01  -0.18945E-01   0.45735E+01   0.31492E+03
  145     2.4785  11.1693  -0.80980E+00  -0.98005E-01  -0.20562E-01   0.45599E+01   0.31380E+03
  146     2.5088  11.2027  -0.81972E+00  -0.99639E-01  -0.22196E-01   0.45465E+01   0.31264E+03
  147     2.5393  11.2358  -0.82971E+00  -0.10129E+00  -0.23849E-01   0.45334E+01   0.31144E+03
  148     2.5701  11.2684  -0.83977E+00  -0.10296E+00  -0.25520E-01   0.45206E+01   0.31018E+03
  149     2.6011  11.3006  -0.84990E+00  -0.10465E+00  -0.27210E-01   0.45080E+01   0.30887E+03
  150     2.6324  11.3324  -0.86010E+00  -0.10636E+00  -0.28919E-01   0.44957E+01   0.30752E+03
  151     2.6640  11.3638  -0.87036E+00  -0.10809E+00  -0.30645E-01   0.44836E+01   0.30610E+03
  152     2.6958  11.3948  -0.88069E+00  -0.10983E+00  -0.32390E-01   0.44718E+01   0.30466E+03
  153     2.7280  11.4255  -0.89108E+00  -0.11160E+00  -0.34153E-01   0.44602E+01   0.30317E+03
  154     2.7604  11.4557  -0.90155E+00  -0.11338E+00  -0.35934E-01   0.44489E+01   0.30161E+03
  155     2.7931  11.4856  -0.91208E+00  -0.11518E+00  -0.37734E-01   0.44378E+01   0.30002E+03
  156     2.8260  11.5151  -0.92268E+00  -0.11700E+00  -0.39553E-01   0.44270E+01   0.29842E+03
  157     2.8593  11.5443  -0.93335E+00  -0.11883E+00  -0.41391E-01   0.44163E+01   0.29674E+03
  158     2.8929  11.5731  -0.94409E+00  -0.12069E+00  -0.43249E-01   0.44060E+01   0.29505E+03
  159     2.9267  11.6015  -0.95490E+00  -0.12257E+00  -0.45128E-01   0.43958E+01   0.29331E+03
  160     2.9608  11.6296  -0.96578E+00  -0.12447E+00  -0.47025E-01   0.43859E+01   0.29155E+03
  161     2.9953  11.6573  -0.97672E+00  -0.12638E+00  -0.48940E-01   0.43762E+01   0.28975E+03
  162     3.0300  11.6847  -0.98774E+00  -0.12832E+00  -0.50879E-01   0.43668E+01   0.28789E+03
  163     3.0651  11.7117  -0.99884E+00  -0.13028E+00  -0.52837E-01   0.43575E+01   0.28601E+03
  164     3.1004  11.7384  -0.10100E+01  -0.13226E+00  -0.54813E-01   0.43485E+01   0.28408E+03
  165     3.1360  11.7648  -0.10212E+01  -0.13426E+00  -0.56813E-01   0.43396E+01   0.28208E+03
  166     3.1720  11.7908  -0.10325E+01  -0.13628E+00  -0.58832E-01   0.43310E+01   0.28010E+03
  167     3.2083  11.8165  -0.10439E+01  -0.13832E+00  -0.60872E-01   0.43226E+01   0.27805E+03
  168     3.2449  11.8419  -0.10554E+01  -0.14038E+00  -0.62932E-01   0.43144E+01   0.27596E+03
  169     3.2818  11.8670  -0.10669E+01  -0.14246E+00  -0.65013E-01   0.43064E+01   0.27385E+03
  170     3.3190  11.8918  -0.10785E+01  -0.14456E+00  -0.67113E-01   0.42986E+01   0.27170E+03
  171     3.3565  11.9162  -0.10901E+01  -0.14668E+00  -0.69236E-01   0.42909E+01   0.26951E+03
  172     3.3944  11.9403  -0.11019E+01  -0.14882E+00  -0.71378E-01   0.42835E+01   0.26732E+03
  173     3.4326  11.9642  -0.11137E+01  -0.15099E+00  -0.73542E-01   0.42762E+01   0.26507E+03
  174     3.4712  11.9877  -0.11255E+01  -0.15317E+00  -0.75727E-01   0.42691E+01   0.26282E+03
  175     3.5100  12.0109  -0.11375E+01  -0.15538E+00  -0.77934E-01   0.42622E+01   0.26053E+03
  176     3.5492  12.0339  -0.11495E+01  -0.15761E+00  -0.80162E-01   0.42554E+01   0.25823E+03
  177     3.5888  12.0565  -0.11616E+01  -0.15986E+00  -0.82414E-01   0.42489E+01   0.25588E+03
  178     3.6287  12.0789  -0.11738E+01  -0.16213E+00  -0.84688E-01   0.42425E+01   0.25352E+03
  179     3.6689  12.1010  -0.11860E+01  -0.16443E+00  -0.86983E-01   0.42362E+01   0.25115E+03
  180     3.7095  12.1228  -0.11983E+01  -0.16674E+00  -0.89301E-01   0.42301E+01   0.24874E+03
  181     3.7505  12.1443  -0.12107E+01  -0.16908E+00  -0.91641E-01   0.42242E+01   0.24632E+03
  182     3.7918  12.1656  -0.12232E+01  -0.17145E+00  -0.94003E-01   0.42184E+01   0.24387E+03
  183     3.8334  12.1866  -0.12357E+01  -0.17383E+00  -0.96388E-01   0.42128E+01   0.24140E+03
  184     3.8754  12.2073  -0.12483E+01  -0.17624E+00  -0.98794E-01   0.42073E+01   0.23890E+03
  185     3.9178  12.2277  -0.12610E+01  -0.17867E+00  -0.10122E+00   0.42020E+01   0.23640E+03
  186     3.9606  12.2480  -0.12738E+01  -0.18112E+00  -0.10368E+00   0.41968E+01   0.23387E+03
  187     4.0037  12.2679  -0.12866E+01  -0.18360E+00  -0.10616E+00   0.41917E+01   0.23133E+03
  188     4.0472  12.2876  -0.12996E+01  -0.18610E+00  -0.10866E+00   0.41868E+01   0.22878E+03
  189     4.0911  12.3070  -0.13125E+01  -0.18862E+00  -0.11118E+00   0.41820E+01   0.22620E+03
  190     4.1353  12.3262  -0.13256E+01  -0.19117E+00  -0.11373E+00   0.41773E+01   0.22363E+03
  191     4.1800  12.3452  -0.13388E+01  -0.19374E+00  -0.11630E+00   0.41727E+01   0.22103E+03
  192     4.2250  12.3639  -0.13520E+01  -0.19633E+00  -0.11889E+00   0.41683E+01   0.21843E+03
  193     4.2705  12.3824  -0.13653E+01  -0.19895E+00  -0.12151E+00   0.41640E+01   0.21581E+03
  194     4.3163  12.4006  -0.13787E+01  -0.20159E+00  -0.12415E+00   0.41598E+01   0.21321E+03
  195     4.3625  12.4186  -0.13921E+01  -0.20426E+00  -0.12681E+00   0.41557E+01   0.21057E+03
  196     4.4091  12.4364  -0.14056E+01  -0.20695E+00  -0.12950E+00   0.41517E+01   0.20792E+03
  197     4.4561  12.4539  -0.14192E+01  -0.20966E+00  -0.13222E+00   0.41478E+01   0.20529E+03
  198     4.5036  12.4713  -0.14329E+01  -0.21240E+00  -0.13496E+00   0.41441E+01   0.20264E+03
  199     4.5514  12.4884  -0.14467E+01  -0.21517E+00  -0.13772E+00   0.41404E+01   0.20001E+03
  200     4.5997  12.5053  -0.14606E+01  -0.21796E+00  -0.14051E+00   0.41368E+01   0.19734E+03
  201     4.6484  12.5219  -0.14745E+01  -0.22077E+00  -0.14333E+00   0.41333E+01   0.19467E+03
  202     4.6975  12.5384  -0.14885E+01  -0.22361E+00  -0.14616E+00   0.41300E+01   0.19201E+03
  203     4.7470  12.5547  -0.15026E+01  -0.22647E+00  -0.14903E+00   0.41267E+01   0.18936E+03
  204     4.7970  12.5707  -0.15167E+01  -0.22936E+00  -0.15192E+00   0.41235E+01   0.18668E+03
  205     4.8474  12.5865  -0.15310E+01  -0.23227E+00  -0.15483E+00   0.41203E+01   0.18404E+03
  206     4.8982  12.6022  -0.15453E+01  -0.23521E+00  -0.15777E+00   0.41173E+01   0.18139E+03
  207     4.9495  12.6176  -0.15597E+01  -0.23818E+00  -0.16073E+00   0.41144E+01   0.17875E+03
  208     5.0012  12.6329  -0.15742E+01  -0.24117E+00  -0.16372E+00   0.41115E+01   0.17609E+03
  209     5.0534  12.6479  -0.15887E+01  -0.24419E+00  -0.16674E+00   0.41087E+01   0.17345E+03
  210     5.1060  12.6628  -0.16034E+01  -0.24723E+00  -0.16979E+00   0.41060E+01   0.17084E+03
  211     5.1591  12.6774  -0.16181E+01  -0.25030E+00  -0.17285E+00   0.41033E+01   0.16820E+03
  212     5.2126  12.6919  -0.16329E+01  -0.25339E+00  -0.17595E+00   0.41008E+01   0.16557E+03
  213     5.2667  12.7062  -0.16478E+01  -0.25652E+00  -0.17907E+00   0.40983E+01   0.16295E+03
  214     5.3211  12.7203  -0.16628E+01  -0.25966E+00  -0.18222E+00   0.40958E+01   0.16036E+03
  215     5.3761  12.7342  -0.16778E+01  -0.26284E+00  -0.18539E+00   0.40935E+01   0.15776E+03
  216     5.4315  12.7480  -0.16930E+01  -0.26604E+00  -0.18859E+00   0.40912E+01   0.15519E+03
  217     5.4874  12.7615  -0.17082E+01  -0.26926E+00  -0.19182E+00   0.40889E+01   0.15262E+03
  218     5.5438  12.7749  -0.17235E+01  -0.27252E+00  -0.19507E+00   0.40867E+01   0.15007E+03
  219     5.6007  12.7882  -0.17389E+01  -0.27580E+00  -0.19836E+00   0.40846E+01   0.14753E+03
  220     5.6581  12.8012  -0.17543E+01  -0.27911E+00  -0.20167E+00   0.40825E+01   0.14499E+03
  221     5.7160  12.8141  -0.17699E+01  -0.28245E+00  -0.20500E+00   0.40805E+01   0.14249E+03
  222     5.7744  12.8269  -0.17856E+01  -0.28581E+00  -0.20837E+00   0.40786E+01   0.13998E+03
  223     5.8333  12.8394  -0.18013E+01  -0.28921E+00  -0.21176E+00   0.40767E+01   0.13749E+03
  224     5.8927  12.8518  -0.18171E+01  -0.29262E+00  -0.21518E+00   0.40748E+01   0.13501E+03
  225     5.9526  12.8641  -0.18330E+01  -0.29607E+00  -0.21863E+00   0.40730E+01   0.13255E+03
  226     6.0131  12.8762  -0.18490E+01  -0.29954E+00  -0.22210E+00   0.40713E+01   0.13012E+03
  227     6.0740  12.8881  -0.18650E+01  -0.30305E+00  -0.22560E+00   0.40695E+01   0.12771E+03
  228     6.1355  12.8999  -0.18812E+01  -0.30657E+00  -0.22913E+00   0.40679E+01   0.12532E+03
  229     6.1976  12.9115  -0.18974E+01  -0.31013E+00  -0.23269E+00   0.40663E+01   0.12294E+03
  230     6.2602  12.9230  -0.19138E+01  -0.31372E+00  -0.23628E+00   0.40647E+01   0.12060E+03
  231     6.3233  12.9343  -0.19302E+01  -0.31734E+00  -0.23989E+00   0.40632E+01   0.11826E+03
  232     6.3869  12.9455  -0.19467E+01  -0.32098E+00  -0.24354E+00   0.40617E+01   0.11595E+03
  233     6.4512  12.9565  -0.19633E+01  -0.32466E+00  -0.24721E+00   0.40602E+01   0.11366E+03
  234     6.5159  12.9674  -0.19800E+01  -0.32836E+00  -0.25092E+00   0.40588E+01   0.11137E+03
  235     6.5813  12.9782  -0.19967E+01  -0.33209E+00  -0.25465E+00   0.40574E+01   0.10911E+03
  236     6.6472  12.9888  -0.20136E+01  -0.33585E+00  -0.25841E+00   0.40561E+01   0.10689E+03
  237     6.7137  12.9993  -0.20305E+01  -0.33964E+00  -0.26220E+00   0.40548E+01   0.10469E+03
  238     6.7807  13.0097  -0.20476E+01  -0.34346E+00  -0.26601E+00   0.40535E+01   0.10251E+03
  239     6.8484  13.0199  -0.20647E+01  -0.34730E+00  -0.26986E+00   0.40523E+01   0.10035E+03
  240     6.9166  13.0300  -0.20819E+01  -0.35118E+00  -0.27374E+00   0.40511E+01   0.98231E+02
  241     6.9854  13.0399  -0.20992E+01  -0.35509E+00  -0.27765E+00   0.40499E+01   0.96118E+02
  242     7.0549  13.0498  -0.21166E+01  -0.35903E+00  -0.28158E+00   0.40487E+01   0.94047E+02
  243     7.1249  13.0595  -0.21341E+01  -0.36299E+00  -0.28555E+00   0.40476E+01   0.91981E+02
  244     7.1955  13.0690  -0.21517E+01  -0.36699E+00  -0.28955E+00   0.40465E+01   0.89966E+02
  245     7.2668  13.0785  -0.21694E+01  -0.37102E+00  -0.29358E+00   0.40455E+01   0.87949E+02
  246     7.3387  13.0878  -0.21871E+01  -0.37508E+00  -0.29764E+00   0.40445E+01   0.85965E+02
  247     7.4112  13.0970  -0.22050E+01  -0.37917E+00  -0.30172E+00   0.40435E+01   0.84015E+02
  248     7.4843  13.1061  -0.22230E+01  -0.38329E+00  -0.30584E+00   0.40425E+01   0.82083E+02
  249     7.5580  13.1151  -0.22410E+01  -0.38744E+00  -0.30999E+00   0.40415E+01   0.80184E+02
  250     7.6324  13.1240  -0.22591E+01  -0.39162E+00  -0.31418E+00   0.40406E+01   0.78303E+02
  251     7.7075  13.1327  -0.22774E+01  -0.39583E+00  -0.31839E+00   0.40397E+01   0.76448E+02
  252     7.7832  13.1414  -0.22957E+01  -0.40007E+00  -0.32263E+00   0.40388E+01   0.74641E+02
  253     7.8596  13.1499  -0.23141E+01  -0.40435E+00  -0.32690E+00   0.40380E+01   0.72838E+02
  254     7.9366  13.1583  -0.23326E+01  -0.40865E+00  -0.33121E+00   0.40371E+01   0.71076E+02
  255     8.0143  13.1666  -0.23513E+01  -0.41299E+00  -0.33555E+00   0.40363E+01   0.69338E+02
  256     8.0926  13.1748  -0.23700E+01  -0.41736E+00  -0.33991E+00   0.40355E+01   0.67630E+02
  257     8.1717  13.1829  -0.23888E+01  -0.42176E+00  -0.34431E+00   0.40347E+01   0.65944E+02
  258     8.2514  13.1909  -0.24077E+01  -0.42619E+00  -0.34875E+00   0.40340E+01   0.64280E+02
  259     8.3319  13.1988  -0.24267E+01  -0.43065E+00  -0.35321E+00   0.40333E+01   0.62654E+02
  260     8.4130  13.2066  -0.24458E+01  -0.43515E+00  -0.35771E+00   0.40325E+01   0.61046E+02
  261     8.4948  13.2143  -0.24650E+01  -0.43968E+00  -0.36224E+00   0.40318E+01   0.59472E+02
  262     8.5774  13.2219  -0.24842E+01  -0.44424E+00  -0.36680E+00   0.40312E+01   0.57930E+02
  263     8.6606  13.2293  -0.25036E+01  -0.44883E+00  -0.37139E+00   0.40305E+01   0.56403E+02
  264     8.7446  13.2367  -0.25231E+01  -0.45346E+00  -0.37602E+00   0.40298E+01   0.54917E+02
  265     8.8293  13.2440  -0.25427E+01  -0.45812E+00  -0.38068E+00   0.40292E+01   0.53442E+02
  266     8.9148  13.2512  -0.25624E+01  -0.46281E+00  -0.38537E+00   0.40286E+01   0.52007E+02
  267     9.0010  13.2584  -0.25822E+01  -0.46754E+00  -0.39009E+00   0.40280E+01   0.50590E+02
  268     9.0879  13.2654  -0.26021E+01  -0.47230E+00  -0.39485E+00   0.40274E+01   0.49201E+02
  269     9.1756  13.2723  -0.26221E+01  -0.47709E+00  -0.39964E+00   0.40268E+01   0.47841E+02
  270     9.2641  13.2792  -0.26422E+01  -0.48191E+00  -0.40447E+00   0.40263E+01   0.46515E+02
  271     9.3534  13.2859  -0.26623E+01  -0.48677E+00  -0.40933E+00   0.40257E+01   0.45207E+02
  272     9.4434  13.2926  -0.26826E+01  -0.49166E+00  -0.41422E+00   0.40252E+01   0.43934E+02
  273     9.5342  13.2992  -0.27030E+01  -0.49659E+00  -0.41915E+00   0.40247E+01   0.42671E+02
  274     9.6257  13.3056  -0.27235E+01  -0.50156E+00  -0.42411E+00   0.40242E+01   0.41442E+02
  275     9.7181  13.3121  -0.27441E+01  -0.50655E+00  -0.42911E+00   0.40237E+01   0.40232E+02
  276     9.8113  13.3184  -0.27649E+01  -0.51158E+00  -0.43414E+00   0.40232E+01   0.39065E+02
  277     9.9053  13.3246  -0.27857E+01  -0.51664E+00  -0.43920E+00   0.40227E+01   0.37906E+02
  278    10.0001  13.3308  -0.28066E+01  -0.52174E+00  -0.44430E+00   0.40223E+01   0.36782E+02
  279    10.0957  13.3369  -0.28276E+01  -0.52687E+00  -0.44943E+00   0.40218E+01   0.35682E+02
  280    10.1922  13.3429  -0.28487E+01  -0.53204E+00  -0.45460E+00   0.40214E+01   0.34601E+02
  281    10.2895  13.3488  -0.28699E+01  -0.53725E+00  -0.45980E+00   0.40209E+01   0.33554E+02
  282    10.3877  13.3547  -0.28913E+01  -0.54249E+00  -0.46504E+00   0.40205E+01   0.32429E+02
  283    10.4867  13.3605  -0.29127E+01  -0.54776E+00  -0.47032E+00   0.40201E+01   0.31514E+02
  284    10.5865  13.3662  -0.29343E+01  -0.55307E+00  -0.47562E+00   0.40197E+01   0.30532E+02
  285    10.6873  13.3718  -0.29558E+01  -0.55837E+00  -0.48092E+00   0.40193E+01   0.29579E+02
  286    10.7889  13.3774  -0.29778E+01  -0.56381E+00  -0.48637E+00   0.40190E+01   0.28630E+02
  287    10.8914  13.3829  -0.29996E+01  -0.56922E+00  -0.49177E+00   0.40186E+01   0.27720E+02
  288    10.9947  13.3883  -0.30216E+01  -0.57467E+00  -0.49723E+00   0.40182E+01   0.26897E+02
  289    11.0990  13.3936  -0.30437E+01  -0.58016E+00  -0.50272E+00   0.40179E+01   0.25955E+02
  290    11.2042  13.3989  -0.30659E+01  -0.58569E+00  -0.50825E+00   0.40175E+01   0.25110E+02
  291    11.3103  13.4041  -0.30882E+01  -0.59125E+00  -0.51381E+00   0.40172E+01   0.24284E+02
  292    11.4173  13.4093  -0.31106E+01  -0.59685E+00  -0.51941E+00   0.40169E+01   0.23481E+02
  293    11.5253  13.4143  -0.31331E+01  -0.60249E+00  -0.52505E+00   0.40165E+01   0.22692E+02
  294    11.6342  13.4193  -0.31558E+01  -0.60817E+00  -0.53072E+00   0.40162E+01   0.21928E+02
  295    11.7440  13.4243  -0.31786E+01  -0.61388E+00  -0.53643E+00   0.40159E+01   0.21187E+02
  296    11.8548  13.4292  -0.32014E+01  -0.61962E+00  -0.54218E+00   0.40156E+01   0.20466E+02
  297    11.9666  13.4340  -0.32244E+01  -0.62541E+00  -0.54797E+00   0.40153E+01   0.19758E+02
  298    12.0793  13.4388  -0.32475E+01  -0.63124E+00  -0.55379E+00   0.40150E+01   0.19076E+02
  299    12.1930  13.4435  -0.32707E+01  -0.63710E+00  -0.55966E+00   0.40147E+01   0.18410E+02
  300    12.3077  13.4481  -0.32941E+01  -0.64300E+00  -0.56556E+00   0.40145E+01   0.17762E+02
  301    12.4234  13.4527  -0.33175E+01  -0.64894E+00  -0.57150E+00   0.40142E+01   0.17128E+02
  302    12.5401  13.4572  -0.33411E+01  -0.65492E+00  -0.57747E+00   0.40139E+01   0.16521E+02
  303    12.6578  13.4616  -0.33647E+01  -0.66094E+00  -0.58349E+00   0.40137E+01   0.15928E+02
  304    12.7766  13.4660  -0.33885E+01  -0.66699E+00  -0.58955E+00   0.40134E+01   0.15349E+02
  305    12.8963  13.4704  -0.34125E+01  -0.67309E+00  -0.59564E+00   0.40132E+01   0.14789E+02
  306    13.0172  13.4747  -0.34365E+01  -0.67922E+00  -0.60178E+00   0.40129E+01   0.14246E+02
  307    13.1390  13.4789  -0.34606E+01  -0.68539E+00  -0.60795E+00   0.40127E+01   0.13717E+02
  308    13.2619  13.4831  -0.34849E+01  -0.69161E+00  -0.61417E+00   0.40125E+01   0.13204E+02
  309    13.3859  13.4872  -0.35093E+01  -0.69786E+00  -0.62042E+00   0.40122E+01   0.12709E+02
  310    13.5110  13.4913  -0.35338E+01  -0.70415E+00  -0.62671E+00   0.40120E+01   0.12230E+02
  311    13.6372  13.4953  -0.35584E+01  -0.71048E+00  -0.63304E+00   0.40118E+01   0.11766E+02
  312    13.7644  13.4993  -0.35832E+01  -0.71685E+00  -0.63941E+00   0.40116E+01   0.11317E+02
  313    13.8928  13.5032  -0.36080E+01  -0.72327E+00  -0.64583E+00   0.40114E+01   0.10877E+02
  314    14.0223  13.5071  -0.36330E+01  -0.72973E+00  -0.65228E+00   0.40112E+01   0.10453E+02
  315    14.1529  13.5109  -0.36582E+01  -0.73622E+00  -0.65878E+00   0.40110E+01   0.10044E+02
  316    14.2846  13.5146  -0.36834E+01  -0.74275E+00  -0.66531E+00   0.40108E+01   0.96479E+01
  317    14.4175  13.5184  -0.37087E+01  -0.74933E+00  -0.67189E+00   0.40106E+01   0.92636E+01
  318    14.5515  13.5220  -0.37342E+01  -0.75595E+00  -0.67851E+00   0.40104E+01   0.88922E+01
  319    14.6867  13.5257  -0.37598E+01  -0.76261E+00  -0.68517E+00   0.40102E+01   0.85374E+01
  320    14.8231  13.5292  -0.37856E+01  -0.76931E+00  -0.69186E+00   0.40101E+01   0.81896E+01
  321    14.9607  13.5328  -0.38114E+01  -0.77605E+00  -0.69861E+00   0.40099E+01   0.78549E+01
  322    15.0994  13.5363  -0.38374E+01  -0.78284E+00  -0.70540E+00   0.40097E+01   0.75308E+01
  323    15.2394  13.5397  -0.38636E+01  -0.78967E+00  -0.71223E+00   0.40096E+01   0.72201E+01
  324    15.3806  13.5431  -0.38898E+01  -0.79654E+00  -0.71909E+00   0.40094E+01   0.69184E+01
  325    15.5230  13.5464  -0.39161E+01  -0.80345E+00  -0.72600E+00   0.40092E+01   0.66292E+01
  326    15.6666  13.5498  -0.39427E+01  -0.81041E+00  -0.73296E+00   0.40091E+01   0.63468E+01
  327    15.8115  13.5530  -0.39693E+01  -0.81741E+00  -0.73997E+00   0.40089E+01   0.60784E+01
  328    15.9577  13.5562  -0.39961E+01  -0.82445E+00  -0.74701E+00   0.40088E+01   0.58186E+01
  329    16.1051  13.5594  -0.40229E+01  -0.83154E+00  -0.75409E+00   0.40086E+01   0.55660E+01
  330    16.2538  13.5626  -0.40500E+01  -0.83867E+00  -0.76123E+00   0.40085E+01   0.53255E+01
  331    16.4038  13.5657  -0.40771E+01  -0.84584E+00  -0.76840E+00   0.40083E+01   0.50943E+01
  332    16.5551  13.5687  -0.41044E+01  -0.85306E+00  -0.77562E+00   0.40082E+01   0.48685E+01
  333    16.7078  13.5717  -0.41318E+01  -0.86032E+00  -0.78288E+00   0.40081E+01   0.46531E+01
  334    16.8617  13.5747  -0.41594E+01  -0.86763E+00  -0.79018E+00   0.40079E+01   0.44463E+01
  335    17.0170  13.5777  -0.41871E+01  -0.87497E+00  -0.79753E+00   0.40078E+01   0.42462E+01
  336    17.1736  13.5806  -0.42149E+01  -0.88238E+00  -0.80493E+00   0.40077E+01   0.40560E+01
  337    17.3316  13.5835  -0.42429E+01  -0.88983E+00  -0.81238E+00   0.40076E+01   0.38705E+01
  338    17.4910  13.5863  -0.42710E+01  -0.89730E+00  -0.81986E+00   0.40074E+01   0.36932E+01
  339    17.6518  13.5891  -0.42992E+01  -0.90484E+00  -0.82740E+00   0.40073E+01   0.35228E+01
  340    17.8139  13.5918  -0.43276E+01  -0.91242E+00  -0.83497E+00   0.40072E+01   0.33594E+01
  341    17.9775  13.5946  -0.43561E+01  -0.92006E+00  -0.84261E+00   0.40071E+01   0.32025E+01
  342    18.1425  13.5972  -0.43847E+01  -0.92772E+00  -0.85028E+00   0.40070E+01   0.30524E+01
  343    18.3089  13.5999  -0.44135E+01  -0.93544E+00  -0.85800E+00   0.40069E+01   0.29074E+01
  344    18.4768  13.6025  -0.44424E+01  -0.94320E+00  -0.86576E+00   0.40067E+01   0.27694E+01
  345    18.6461  13.6051  -0.44715E+01  -0.95102E+00  -0.87357E+00   0.40066E+01   0.26368E+01
  346    18.8169  13.6077  -0.45007E+01  -0.95888E+00  -0.88143E+00   0.40065E+01   0.25110E+01
  347    18.9892  13.6102  -0.45301E+01  -0.96678E+00  -0.88934E+00   0.40064E+01   0.23880E+01
  348    19.1630  13.6127  -0.45596E+01  -0.97474E+00  -0.89730E+00   0.40063E+01   0.22707E+01
  349    19.3383  13.6151  -0.45893E+01  -0.98275E+00  -0.90530E+00   0.40062E+01   0.21601E+01
  350    19.5151  13.6175  -0.46190E+01  -0.99079E+00  -0.91335E+00   0.40061E+01   0.20527E+01
  351    19.6934  13.6199  -0.46490E+01  -0.99889E+00  -0.92145E+00   0.40060E+01   0.19511E+01
  352    19.8734  13.6223  -0.46791E+01  -0.10070E+01  -0.92960E+00   0.40060E+01   0.18531E+01
  353    20.0548  13.6246  -0.47093E+01  -0.10152E+01  -0.93779E+00   0.40059E+01   0.17587E+01
  354    20.2379  13.6269  -0.47396E+01  -0.10235E+01  -0.94604E+00   0.40058E+01   0.16672E+01
  355    20.4225  13.6292  -0.47702E+01  -0.10318E+01  -0.95434E+00   0.40057E+01   0.15850E+01
  356    20.6088  13.6314  -0.48006E+01  -0.10400E+01  -0.96259E+00   0.40056E+01   0.15038E+01
  357    20.7966  13.6337  -0.48316E+01  -0.10485E+01  -0.97107E+00   0.40055E+01   0.14256E+01
  358    20.9861  13.6358  -0.48626E+01  -0.10570E+01  -0.97952E+00   0.40054E+01   0.13550E+01
  359    21.1773  13.6380  -0.48938E+01  -0.10655E+01  -0.98802E+00   0.40054E+01   0.12808E+01
  360    21.3701  13.6401  -0.49251E+01  -0.10741E+01  -0.99663E+00   0.40000E+01   0.12131E+01
  361    21.5646  13.6422  -0.49565E+01  -0.10827E+01  -0.10052E+01   0.40000E+01   0.11484E+01
  362    21.7607  13.6443  -0.49880E+01  -0.10913E+01  -0.10139E+01   0.40000E+01   0.10870E+01
  363    21.9586  13.6463  -0.50198E+01  -0.11000E+01  -0.10226E+01   0.40000E+01   0.10288E+01
  364    22.1582  13.6484  -0.50517E+01  -0.11088E+01  -0.10313E+01   0.40000E+01   0.97310E+00
  365    22.3596  13.6504  -0.50837E+01  -0.11176E+01  -0.10401E+01   0.40000E+01   0.92051E+00
  366    22.5626  13.6523  -0.51159E+01  -0.11264E+01  -0.10490E+01   0.40000E+01   0.86976E+00
  367    22.7675  13.6543  -0.51483E+01  -0.11353E+01  -0.10579E+01   0.40000E+01   0.82214E+00
  368    22.9741  13.6562  -0.51808E+01  -0.11443E+01  -0.10668E+01   0.40000E+01   0.77652E+00
  369    23.1825  13.6581  -0.52134E+01  -0.11533E+01  -0.10758E+01   0.40000E+01   0.73314E+00
  370    23.3928  13.6600  -0.52463E+01  -0.11624E+01  -0.10849E+01   0.40000E+01   0.69206E+00
  371    23.6049  13.6618  -0.52793E+01  -0.11715E+01  -0.10940E+01   0.40000E+01   0.65292E+00
  372    23.8188  13.6636  -0.53124E+01  -0.11806E+01  -0.11032E+01   0.40000E+01   0.61580E+00
  373    24.0345  13.6654  -0.53457E+01  -0.11899E+01  -0.11124E+01   0.40000E+01   0.58055E+00
  374    24.2522  13.6672  -0.53792E+01  -0.11991E+01  -0.11217E+01   0.40000E+01   0.54711E+00
  375    24.4717  13.6689  -0.54129E+01  -0.12085E+01  -0.11310E+01   0.40000E+01   0.51538E+00
  376    24.6932  13.6707  -0.54467E+01  -0.12179E+01  -0.11404E+01   0.40000E+01   0.48547E+00
  377    24.9166  13.6724  -0.54806E+01  -0.12273E+01  -0.11499E+01   0.40000E+01   0.45700E+00
  378    25.1419  13.6741  -0.55148E+01  -0.12368E+01  -0.11594E+01   0.40000E+01   0.43030E+00
  379    25.3691  13.6757  -0.55491E+01  -0.12464E+01  -0.11689E+01   0.40000E+01   0.40445E+00
  380    25.5984  13.6774  -0.55835E+01  -0.12560E+01  -0.11785E+01   0.40000E+01   0.38047E+00
  381    25.8296  13.6790  -0.56182E+01  -0.12656E+01  -0.11882E+01   0.40000E+01   0.35747E+00
  382    26.0629  13.6806  -0.56530E+01  -0.12754E+01  -0.11979E+01   0.40000E+01   0.33603E+00
  383    26.2982  13.6822  -0.56879E+01  -0.12851E+01  -0.12077E+01   0.40000E+01   0.31555E+00
  384    26.5355  13.6837  -0.57231E+01  -0.12950E+01  -0.12175E+01   0.40000E+01   0.29629E+00
  385    26.7749  13.6853  -0.57584E+01  -0.13049E+01  -0.12274E+01   0.40000E+01   0.27816E+00
  386    27.0164  13.6868  -0.57939E+01  -0.13148E+01  -0.12374E+01   0.40000E+01   0.26090E+00
  387    27.2599  13.6883  -0.58295E+01  -0.13248E+01  -0.12474E+01   0.40000E+01   0.24462E+00
  388    27.5056  13.6898  -0.58654E+01  -0.13349E+01  -0.12575E+01   0.40000E+01   0.22919E+00
  389    27.7534  13.6912  -0.59014E+01  -0.13450E+01  -0.12676E+01   0.40000E+01   0.21476E+00
  390    28.0034  13.6927  -0.59375E+01  -0.13552E+01  -0.12777E+01   0.40000E+01   0.20133E+00
  391    28.2556  13.6941  -0.59739E+01  -0.13654E+01  -0.12880E+01   0.40000E+01   0.18838E+00
  392    28.5099  13.6955  -0.60104E+01  -0.13757E+01  -0.12983E+01   0.40000E+01   0.17631E+00
  393    28.7665  13.6969  -0.60471E+01  -0.13861E+01  -0.13086E+01   0.40000E+01   0.16500E+00
  394    29.0253  13.6982  -0.60840E+01  -0.13965E+01  -0.13190E+01   0.40000E+01   0.15425E+00
  395    29.2863  13.6996  -0.61211E+01  -0.14070E+01  -0.13295E+01   0.40000E+01   0.14422E+00
  396    29.5496  13.7009  -0.61583E+01  -0.14175E+01  -0.13401E+01   0.40000E+01   0.13454E+00
  397    29.8152  13.7022  -0.61958E+01  -0.14281E+01  -0.13507E+01   0.40000E+01   0.12580E+00
  398    30.0831  13.7035  -0.62332E+01  -0.14387E+01  -0.13613E+01   0.40000E+01   0.11749E+00
  399    30.3534  13.7048  -0.62711E+01  -0.14495E+01  -0.13720E+01   0.40000E+01   0.10957E+00
  400    30.6259  13.7061  -0.63091E+01  -0.14602E+01  -0.13828E+01   0.40000E+01   0.10214E+00
